0.585528817843856
0.709466017509524
-0.109303314681054
-0.453497173462763
0.605887455840394
-1.81795596770373
0.630098551068391
-0.276184105225216
-0.284159743943371
-0.919322002474128
-0.116247806352002
1.81731204370422
0.370627864257954
0.520216457554957
-0.750531994502331
0.816899839520583
-0.886357521243213
-0.331577589942552
1.12071265166956
0.298723699267293
0.779621924555324
1.45578508247686
-0.644328429231302
-1.55313740522969
-1.59770951669631
1.80509751881082
-0.481647363694637
0.620379801298422
0.612123492650849
-0.162310976918126
0.81187317855386
2.19683354634753
2.04919033740619
1.63244563948047
0.254271192814055
0.491188279272559
-0.324086578737118
-1.66205024385863
1.76773385087297
0.0258010486478081
1.12851083359018
-2.38035806139704
-1.06026555215253
0.937140540182908
0.854451720330554
1.46072940310409
-1.41309877788919
0.567403253424482
0.583187653435685
-1.30679883346442
-0.540386073862105
1.94769266473204
0.0535902703574544
0.351662840555237
-0.670976538993938
0.277953694806143
0.691171272874884
0.823795328706086
2.14506502048029
-2.34694397836337
0.149591980615209
-1.34253148172954
0.553303075503898
1.58996284269541
-0.5868795943871
-1.8323773062094
0.888139432652018
1.59348847235627
0.516854670662387
-1.29567168029482
0.0546155753293754
-0.784649373191544
-1.04935281895627
2.33051196240471
1.40270538286743
0.942600850691525
0.82625828715243
-0.811540490191081
0.476248280753654
1.02125840748109
0.645383074206077
1.04314355155144
-0.304369112693661
2.47711091696297
0.971220673037445
1.86709918456672
0.672042469014787
-0.307953380837338
0.536523716710872
0.824870065351676
-0.963901479013802
-0.855082511099791
1.88694694202566
-0.391819371995182
-0.980632948949986
0.687332100557042
-0.505043517520896
2.15771981650642
-0.599797563824836
-0.694546693270751
0.223925407521288
-1.15622333024077
0.422418527786999
-1.32475525584893
0.141084312860285
-0.536047998490946
-0.311606084578147
1.55610964260126
-0.44803329129447
0.321123537493968
-1.23017224688019
-1.32405869215415
1.2612422743883
1.31923171964234
-0.0807537613680344
-0.505089806271492
-0.0521535933303235
0.628860625108436
2.18000239748484
-0.0690173065192163
1.5448636020376
1.32145201716263
0.322151575362802
1.53095511973516
-0.421239693338574
-1.15882102281814
-1.84536828942147
1.15732528705715
-2.12354988101476
-1.19603151811083
1.64219199076734
0.883654833162014
0.524875891035917
-1.18465906563077
2.6557882721428
-1.04791371021831
-1.01112252361904
0.668921652514333
0.129177293676193
-0.422576867053514
-1.14026414484813
-1.29371529003254
-0.594698769070893
-1.50081408022084
0.0158556930655591
0.54016956769222
-1.5472919670457
0.849652929928439
0.89601318433245
0.138690996809729
-1.61932832236614
0.548397923014403
0.195282153811252
-0.80649799476347
-0.108624235207127
-0.250946623852313
1.69934666853318
-0.344298796264969
0.0677720614042188
-0.650569726854058
-0.487638515203085
0.303151237257663
-0.241974019629253
-0.481733567501898
-0.991802864256725
-0.28064913880443
0.633017344180171
-1.23981834310786
1.76431406899432
-0.0236798881530076
0.199920483827434
1.34719277764001
0.0360734877996975
0.824581130566735
-1.70267185160602
0.480950155267682
2.48355008932625
0.401364987505605
0.215177170747045
-1.8157123529028
-0.911739424232877
-0.0490446908536225
-0.405387476681813
1.13038179784685
0.815464735072572
0.0764175190481425
1.45374735124973
0.374121083436261
-0.170904055752574
-0.502212811850508
0.543522107940633
-0.505186002851623
0.786795789402013
0.300949401608442
1.31022390674737
0.798433770272113
0.850860437614436
-0.443567968094689
-0.446774787609579
0.0133050417761504
-1.43614570622707
-0.629259647262801
0.24352176562534
1.05836223334598
0.831348817915028
0.105211815952333
-1.74171309445735
0.645246993765226
0.0971042246760799
-0.0767336945381774
0.991950677701748
-0.859250761249102
-0.281579688324405
2.06624727069071
-0.611552977816697
0.315612824664819
0.660293378144825
-1.72220240714511
-2.13462604834862
0.0689455981370002
0.867821742581099
-2.29004417945875
-0.15019028820832
-0.268781792791041
1.79133204114731
0.67226804169809
-0.209301136296734
0.0121825061243721
1.53411686438439
0.0772918164071403
0.078437532748926
-0.779261070429696
0.16655966873187
0.265324569774749
0.890780709620268
-0.467888369466512
0.758374556806851
-0.641736357769941
0.627671823247429
0.248330126822981
-0.700075816724207
-0.567401585119184
-0.261393925889455
-1.06388503578658
-0.10636865398875
0.771103739675585
2.74740354224873
-0.0839347570758132
0.543567634250284
0.75286121063539
-0.808674127657869
1.00111984739073
0.456052504632617
-1.43425030743108
-0.265304816278076
0.641769163641739
-0.415021028711576
-0.459575676223938
-0.792494015719286
-1.15853913347538
0.710889998448436
1.26760175223824
-0.143151055750639
-0.515028906343196
1.48289118430819
-0.162588909926269
0.0417091744023163
0.483039896138864
-1.18012717392787
-0.663573739142793
-0.634649894213064
-0.701963031445893
0.576850378871315
-2.11308037072577
0.260909682674749
1.14712719028965
0.0147936485562024
-0.311739243901957
-0.956196108104157
0.473413758540709
-1.51386407967723
0.164280997670587
-0.870865218565352
1.59332899431659
0.646597522791782
0.357369685182645
0.102393063199646
-0.67526682519505
0.972085023739425
0.755869929249423
-0.428285623067143
-0.713924763715124
-0.190384065567216
0.399864811716241
-0.977844914504154
0.183736909549099
-2.15031052974374
-0.622966525745903
-0.765439315770125
0.464309418783945
0.522282168524833
0.0097937599323372
-0.440526196202908
1.1994895345014
-0.117468489316423
0.038209787380577
1.19480563237129
0.343958352102906
-0.329072974464988
1.670857916859
-0.918058202818816
-0.0878073286373145
1.32029371983474
1.73078613049822
2.16259607787676
-0.315732479332576
-0.575096104236685
-1.40635643559789
2.2678598535587
-0.770853928970678
0.380315696994393
0.605136772754965
1.01967413681758
0.474943044148217
-2.18594644011259
0.933192166975154
0.475435421232725
0.390281600028403
-0.727328150843188
0.986555948076592
1.42398359867007
0.484730511200338
0.349236445934426
0.860124249616191
0.404611144608053
0.367044921399527
-1.51919904950798
1.54980333197868
0.499881065667666
0.460872851532372
2.07670993327744
-0.307650565583008
0.952370885178271
0.532788293060056
-0.0955477083753134
-0.142063378432117
-1.18302571097835
0.54531840953441
-2.58185544258076
0.77890003053602
0.292940302703854
-0.0867079053484027
-1.46635949546023
-1.0831794487358
1.05773736712652
-0.360320800556423
0.350593765015391
0.0282576561933585
0.473048261023495
-0.919154727671976
-0.375823436339545
-1.81283376431222
0.288600211104964
-0.189622581277104
0.0178602132113477
0.650430242426131
0.310254985421182
1.66835716892389
0.672614533611014
-0.27751798802614
-0.146026391952837
1.70143183167595
0.471357880571046
0.581700078573641
0.666020696010318
-0.77890222515892
1.16332484782536
-1.96454419520035
0.769170668260007
2.25977199341018
-0.477272291383015
-0.102580508795901
0.368696176156456
-0.535432993982554
0.506601941315226
-0.150557097589785
0.904243556201491
2.24203613746722
-1.19512289061954
-0.418522566091345
0.798251394698956
0.49817216339198
0.11956022337119
-0.367202719244542
0.262331084814879
0.262704124824336
0.640738877993306
0.307089830771924
-0.0331294007767504
-1.37475052682553
0.627965113126225
0.00214395093177762
0.284377722710805
-1.00177908621909
-0.61722192863403
0.828194239462874
-0.084818645674312
-0.434719916936125
-1.20483528910071
-1.02068687992011
-0.971229202960724
-0.160913362176837
1.20468703481302
0.066746216660166
-0.882457683653546
-0.0199197379804012
0.328016480023828
-0.930628616693406
-1.13141496810912
1.0862303889986
0.514242102223054
0.293168380759209
-0.562654830461337
0.207142723762983
1.2280774574073
-0.430012569304131
1.33190835172714
-0.7632671560725
1.23231883156069
0.609058662925924
-0.822540083874516
-0.0476483564726301
0.170678010698749
-1.22507132610198
0.387332884207625
0.490667776973891
2.23912608412108
0.892212308962462
0.798932583732949
1.93544276888011
0.394249899631979
0.632521494371694
0.102591102479784
1.01021099822561
1.21467838526569
0.500870658308071
-0.909467950919845
-2.19720851198184
0.43854532217057
-1.02941483034087
0.713078103934547
1.02826853911963
-0.570632725418573
-0.434008681840124
1.00531746476826
1.20354481603093
1.49618269695644
-0.156598432207094
-0.936030519727876
0.352538646178498
-1.28618864655408
-0.272522855069837
0.156914836911099
-0.88181286823508
-0.121897825360133
-0.855250672623498
-1.00572873499677
-0.913952390826423
-2.07823365938166
-0.140647123630006
1.2996376498866
-0.0293687831942084
-2.23662183763668
0.545030066464794
0.830842052438663
-0.497579143100874
-0.601027404256258
-0.512197814083257
-0.00493237975734888
-0.0971479127091374
-0.0240353972755118
-0.127390337614326
-0.131885620363053
0.453742255459208
-1.40633583435868
0.210930786953303
0.752336089487975
0.138379546739843
0.159680012366336
0.228435318230386
-1.16278371681341
0.854658519406795
-0.242095878590998
-2.01599542236092
-0.227690493304772
0.224169832616975
-0.736824921622573
-0.846710740540237
-0.111458860216438
-0.311601656365262
-1.42032385849081
-2.46693864686098
0.484715835481135
-0.937972310764238
3.33073330557046
-0.162945463318991
0.220455784800858
0.876210811679334
-2.14896295191532
-0.233751352763909
-1.99849284588448
-1.23478039956797
0.846303717678606
-0.0464948181417541
0.403642765259537
0.767454660414003
0.867101501944608
-1.25458114899502
-0.157797989663033
-0.512316779697817
0.41302086839955
0.564256260947448
0.726065952100765
-0.41510221515824
0.0416153001654098
0.224292050515328
0.786409140414589
-0.423362837233043
-0.367533956550453
-1.76702030593096
-0.183537875876655
0.834871997278262
-0.58720051116214
-0.358932402586232
2.11412883607947
0.645411052385317
-0.3123199556304
1.18544828285913
0.553798963944274
-0.0537539387180274
2.12746303485883
-0.187706479444224
0.0987578449393323
1.91037814936148
1.62145571560741
2.0930679948022
-0.692235927933616
-2.28719811086647
-1.65560167487048
0.569509417915171
-0.4712225866423
-0.0332096773742875
0.377367067760518
1.15771800072853
1.39864999962659
2.11850393063946
-1.08745986950799
1.21603338663365
0.67722530463159
-0.726376907647536
0.112843941668527
0.0652135747816625
-0.630627211085828
0.518855462766129
-0.802944499856328
-0.681623201308383
-0.0371627218534843
-0.287274315226277
-1.02602716734611
1.39835918459911
0.836690245806831
-0.32989626381775
0.534802256130939
-1.20725318929326
0.62876731504835
0.576164732804108
1.23622387908971
0.475539637979171
-1.54714748839026
0.0554687978896238
0.680062090936776
-1.35020156979313
0.245102444487368
-0.30734853595201
0.731364566537447
0.201381806056948
-1.57546283286894
0.0235387774392653
0.801641111029374
-2.55562737471212
-0.526910680949149
-1.31285889063513
0.800861346328534
0.713100770525419
1.03191486258691
1.6818084979509
-0.226310395891985
-0.197929031882538
1.04370225232125
-0.441737347594983
-1.63662909731958
0.211562593231861
-0.464831728442492
-0.662357211956171
-0.132953597145603
-1.32170170951125
0.0766927813432196
-0.384990879381948
0.947306444502156
0.0216862719447878
-0.458294007771828
0.228862144696937
-1.39640762849177
0.924294202129918
0.0662160410537507
0.802890842219566
-0.0605252612568427
0.0893286191422329
0.40131137647635
-0.888560604004252
1.44916942543378
0.205510471859438
-0.0561199676644025
-0.639859455343138
0.71778099875746
-0.0645002911054802
0.13242959590706
0.0347150845540897
0.28165263482086
0.919278254827668
-1.0427231529259
-0.2136226802054
1.77794707687002
1.46094086182791
-0.364550822578012
-0.613160421373983
0.495906780440604
0.24563858632494
-0.127904809832185
-1.25043941811419
1.6343509612082
0.975435764363946
1.08407793761813
-0.35938727145954
-1.0155196730631
1.33552147320614
-0.155562276057601
0.926608498178108
0.889245688268771
0.145116991571343
-0.818646626109666
-1.23682286120429
2.31722564578261
0.05072430823386
0.290835509741616
-1.81128973985174
-1.14514768618127
1.28087282215109
-1.35947002102286
1.8849707369725
-1.36860156035955
0.543940411562003
-1.2380301683974
1.87713234257007
-1.44581007192707
-0.153367397633767
-0.945688620268739
0.312404994137186
0.274724375018431
-0.315442316406362
-0.384367597987511
-1.42893573213425
0.963417689236412
0.613781621344172
-0.368554433216838
-1.80704465956374
1.35543844331659
0.445680166114773
0.164794791470315
0.0299777658780464
-0.67611291370121
1.13604965148959
2.16933212747923
-1.08901928973116
-1.10272609747138
1.3026361736082
-2.77832551031467
0.341311560625632
-0.22354978608396
-0.198771595185693
1.63330267976011
-1.86962151313391
-0.250088846832421
-1.37075933382291
1.45126184360921
-2.13790977489325
-0.577261047508329
0.236449451555428
1.09985656336821
0.561282713650655
2.30362700541773
2.0208958968894
-0.0578785187398237
0.442093375564448
-1.30333114011791
-0.0352204282538767
0.924254316128533
-0.360828333045202
0.467172680816427
-0.201236860589418
-0.00534734318180988
-0.533003287024944
-0.515415141225213
-0.0849109092710763
0.435933340041161
0.997954243977856
-1.1631892606627
1.68089383773506
1.2171205130423
-0.0274388268504688
-0.291545604297294
0.972627821273574
-0.23970672930526
-0.901717675681056
-0.63117432512262
-1.6259750852343
-2.14949594492572
2.11262792349993
0.269080433253502
-0.519472155609454
-0.0157344441089815
-0.151252919119899
0.0882313538136829
0.778902511919714
0.386720137586071
0.347953467019237
-1.8995713794429
-0.057682415987926
-0.471304986461131
0.634731298165431
-0.960743692691115
-0.804824610628623
-0.495946762166434
-0.418476983928688
-0.654984450267755
1.39548649027518
3.09369662832478
1.90082563123672
-0.395318992678082
-0.58670237252988
0.461765386247963
0.0972093386659258
0.676025564160287
-0.748770541211451
1.02555255241429
-0.696595385421694
-1.27713543553305
-0.0924237284355774
1.84746361219518
-0.929629455620101
-1.03080015662025
-1.31951435474925
-0.084205701767351
0.773902206997466
-0.159947373446181
0.863307542266686
0.969370877838314
0.614129040152056
2.49691850680724
1.15526488188743
1.87487161677876
-0.237557456684611
-0.452779538268598
-0.716751511848324
0.488934267717079
0.834201584080533
0.925864815459635
0.943155152135134
-0.560074455140306
0.687699284289659
0.219825420335654
-1.0052373892749
0.373101163588465
0.469391569129991
0.0646260775971036
1.00481544153691
-0.373829419912398
0.936108504080527
0.844988588944067
1.09265815925723
0.62924459833816
1.03723457827919
0.870617069223843
-0.627408385081134
0.435728987815825
0.239406941242699
-1.25612038015712
0.223569883477509
0.504589868971938
2.11701460983184
-0.81749211459327
-0.2492658716843
0.462998647868042
0.667326385055964
0.488169885316856
1.0764874344274
1.14929578678711
-1.62212327687907
1.12628292799943
0.590427528747386
-0.740584969069891
0.252453917840292
-0.336997738910697
0.948039602551708
-0.660350380044291
0.683053766550444
0.0783915682032824
0.533368090655584
0.87558663265039
0.138510650187177
0.940187967870956
-0.663677074308801
-0.842412232642696
2.3643620566372
-0.0328630945809129
0.650429870053779
-0.698380862188483
-0.437500611944236
-0.719087417049352
-0.274989184175191
0.896917771379762
-0.639743485915617
-0.0761318177708126
0.84867908164391
0.617058863068682
-1.98848492727944
0.631595272350853
-1.94414536380121
0.477375023878853
1.77872992448464
0.887892531748101
-1.10316406141526
-0.302633705669694
0.833795431870546
-2.40953049554883
0.257452383651025
-2.1737384364898
0.026167679313138
-0.573889841083253
0.277072702622078
0.263804022281031
0.889458010501699
-0.531691621911837
-0.288876743563497
2.32423772161644
0.80506966941541
-0.824741470426789
0.61400764547719
0.0061836895959783
0.506463292488822
-1.03627567570078
-2.05818297186603
-1.18370158132938
-0.521874618704523
-1.15597623676288
1.70721090724148
-0.401445847310647
-0.0780482412004461
-0.689232419614855
-0.703402591562885
0.205669611113592
0.420175061477065
1.06371492649817
-0.727681436456325
0.87370730789838
-1.38842423777879
0.310031749366831
0.190054214451538
-0.163804703650924
0.513490584493947
0.900096290878568
0.119870961743243
0.941527406809327
0.515489285009958
-0.554761433744087
0.77237690187241
0.74359630780213
-0.589652483851754
0.626300197611125
-1.87636574262261
0.139846103375189
0.240304173890825
0.119981971277342
-2.01171066394144
-0.373660220139208
-0.997170337995326
-1.13110230943143
0.0152093642297062
0.403705380851042
-0.541210513948429
-0.784860978170766
-2.56005244041801
0.0728007835118976
0.750243576066411
-0.128248880882147
-0.487866725172139
0.90878779144248
-1.85246414834352
-0.310147905861033
-0.31386492393298
0.0235512251366552
1.18345966271718
-0.552833248007118
0.597040287683117
0.680969382940017
0.0119610482170529
-0.206807563344132
0.738849047055834
-0.0257216376960103
-1.79672769000597
-1.81561079116872
-0.25774536802801
-0.0607272386919699
0.991873728143753
-0.968440976527722
0.380720578668797
0.213509740708371
-0.968506531936367
1.4948730987816
-0.336219846162264
-1.70062792063981
-1.46767765821002
-0.216348650591261
1.15178498466669
0.633480456841026
-0.277309664971761
-1.74334781481897
-1.0185528402395
-0.309481258121737
-0.514005540936609
-0.741466194021958
0.19121653210113
-1.16698362438705
-1.62614115828474
-0.976897236736441
-0.688621185218777
0.407800887328872
-1.12140511399046
-1.56293418000864
0.234661436778458
-1.98376052979519
0.978032468135692
-0.325946806227533
-0.226813295358415
0.422330330420586
-0.193525353448563
-0.271016889226139
-0.264942385461725
-0.553388216335727
-0.436707945368901
0.325086640286445
-0.782145090380946
0.521031960705619
1.88786051933339
1.58317807955344
-0.131827514909597
-1.57807665670464
-0.769730898524023
-1.08930159997221
-0.737530300591268
0.902150871456811
-0.349407016450151
0.58992999673424
-0.157808385064186
0.797873692753666
1.0865618162213
0.8349570023395
-0.296865508488047
1.85430135120002
1.29833220197764
-0.535241098192991
-0.884331318677036
1.86103301352516
-0.270592091450503
0.585640905630645
-0.57705777451534
-0.319014908963697
-0.314025132783036
-0.659338640685932
-1.22315981348816
0.109204125634682
-0.234407400094629
0.16194464677561
-0.85590387566537
-1.21360970592544
-0.0677214749205774
1.45646853631126
-1.44293895720096
-0.512529893822928
0.243983791925416
1.67751179128875
0.079474054662459
-0.856427496616939
-0.778777287144353
-0.38093608425708
-1.89735833972576
-0.0717709116878157
-1.03086459149003
0.670695476490605
-0.361287754939292
-0.27930635616867
-0.645890406995311
-0.515729092880925
-1.37455613286123
1.01037782844654
0.45370645645891
0.274880330444909
-1.27179122480489
0.973595241918216
1.28078712369707
-0.0258765473419908
-1.7359637799923
-0.945175883718
-0.461119638727372
0.559566137270165
0.207371697786834
0.400516269744986
-0.0514096698764048
0.824944695687561
-1.67806750352761
-0.923279416267376
-0.657448334637347
1.65494179674235
-1.16392914747106
-0.879142734490512
0.224613030886869
1.42054996200525
0.500920689211464
0.284829601969807
-0.720574830593773
0.896460941962013
-1.43246766728612
0.38599263402402
-1.11065415047959
-0.0755034378284325
-1.38722221913342
0.27471365422758
0.546311962688847
-0.539094610070408
-1.84149919464278
-0.790288951009079
-1.09406812598926
0.463697367089517
0.0167654783920317
0.713715588458096
0.372720397330718
-0.631418735286571
-0.345194724933052
-0.23367311284317
-2.4027098316998
-0.841015659364336
-0.525577561742616
0.964676071530322
1.16868779777066
0.0375256354082827
-1.05945038373576
-0.203198858763934
-0.260522502158531
-1.50359284139183
-1.19154648174911
2.45707416564799
-1.42140516618769
-1.17067119024427
0.612728840110975
0.504072912631472
-0.03360402649243
1.06778841116665
-1.08436433575367
0.565755522275279
-0.276090810137596
-0.825708875887398
0.490220536519514
-0.926531861094747
1.60254989142619
-0.860891020026199
-0.365513266132811
-0.0063319207701284
-2.38053077692356
1.52081963387357
-0.619902119718326
-0.484028904135812
-0.926160966588346
-0.2859256147179
1.58779536109287
0.659089022784725
1.20629787922748
-0.0248296420195276
-0.904587351885264
-0.446869813890387
0.125085620440897
1.1480913566555
0.455013729328529
2.02194638426709
-0.6952703709813
1.60396534062607
1.35170733572983
0.439514597571448
1.57162170153059
-1.74125323682522
-1.48401480103155
-0.555232551612177
-1.35860493078214
-0.0826571244573201
-0.358236118952675
-1.2891182571127
0.966683187814076
-0.420455899805465
0.778214744704721
0.577272970940539
-0.396721690855446
-1.55747040157249
-0.548407913677815
0.217260182352515
0.913234969506863
1.5522148463537
1.26813065319604
0.760401524537182
0.659180420191723
0.653989652414126
1.55597631479714
0.416610866848198
0.0280533938348574
-2.36600857272134
0.546044490687229
-0.0870771441310827
0.368892122491792
-1.44043937936632
0.948342218434107
-1.62246893619965
-1.42204093912368
-2.19955961986666
0.102242549734569
-1.70094425207912
1.66756805497658
0.65132781853536
1.53324704446761
-0.00710408522648729
0.064437051241413
1.42522041865573
1.0959766553495
-0.123835517987326
-0.602283794919944
-1.09613954622899
-0.311297069880495
0.175138895811023
0.530809920043939
0.906410806343135
0.046753128925649
0.18479492819343
-0.505011833228914
1.09073222039182
-0.185498225278187
-0.471421528771275
0.633121870151052
-0.272124450423728
0.792838797593903
1.05168020506894
0.467590992515474
1.57775777615221
1.19257919933482
0.687808690022051
-0.540565676573646
0.692902562053593
-2.19404045068874
-0.954047150509827
-0.140183676637332
0.367150280498896
0.0558580625514391
1.85388686032127
1.2334889773664
-1.53345782563624
0.0704556078430764
0.624654174666826
-0.223982210338797
0.351170646069845
0.122204457677413
-1.80355741947249
1.00149540104933
1.1992198328312
-1.42600469004381
-1.15418497366989
0.195879382958877
0.489033101349929
-0.0301505554990925
0.16218068298852
0.106499487995292
-1.17696686687013
0.934429427085438
0.421974630276405
-0.503018994751964
-0.267881707867739
0.937288013068247
0.03402357854294
0.243158863777442
1.14368852438981
0.827405931838682
0.348058187541831
-0.381202844028649
1.36128143680364
-0.885541754975946
0.388984013950165
0.411905090024538
0.709913471286387
-1.31529380575551
-1.53693355890862
-0.646002558777445
-0.96864298750643
-1.04569476582391
-0.132058867317196
0.138724708909393
-1.60980434526883
0.972991445547876
1.04888304215775
-0.115849420987912
0.910867637557604
2.06183133700557
0.776568452786236
-0.186582022727193
-0.50989851527311
0.714076821371947
-1.03526304053903
1.89484901774885
0.056793059358744
-1.70072594342836
-0.0648369010779013
0.893158726883443
-0.23768450540283
-0.88378036018178
-0.268114313447309
-1.42515927310942
0.282729470241562
-0.158979583631623
-0.141043577462177
0.386238645647726
-0.473854785026103
1.18190209494895
-0.84638259447329
-0.23109629250776
-1.54197485904382
-0.125906424899325
0.8915386353876
0.708696980773864
1.36548479826691
0.146941158074239
0.0343765615882022
1.35090452621638
-0.364784429284285
-0.820965911777432
-0.447457109757897
1.11965664048999
0.209283042206034
0.583689377018137
-0.686082182049888
-1.01849041259213
-1.13475338265242
-0.458250470323518
0.867376229903351
0.707050006321798
0.22016399489922
0.317229802016674
-2.30866929119094
-0.764126858487634
-0.257215351771573
1.17174699718393
-0.645359265523009
-1.79056185566653
-1.07978552468131
0.714448807495777
-1.81294473383259
1.04816889489924
0.20271586719381
0.281211359011229
1.03205800807302
2.29387855362419
-0.0592560273875868
0.41140135589033
-1.27924167964432
-0.426501851333175
0.849957445130861
-1.80301321221126
-0.96955396616367
1.65067878778122
0.665956923522699
0.361114644091802
-0.487798793961118
1.42838225761376
-0.904252644070332
-2.09369369551605
0.921678980747322
-1.84902280672721
-1.65989369148494
-0.276360236475334
-0.828433721841923
-0.686070901928494
-0.271607769493159
1.24381055686463
-0.17202142205891
-2.5464745985204
1.64062749976048
0.97023676068447
0.0203074667109345
-2.6513977459491
1.11781171220216
-0.819083406430258
1.70455001713339
0.849855831494626
0.543337062872608
0.0560354533851741
1.58404961323105
-1.4386345459615
-0.639718612528588
0.0867654667091841
0.466811178990879
0.41725282377052
0.607894752103972
0.28020989415716
-1.17626757068755
-1.29423356811136
-0.3187407058278
0.845857571154179
0.0590417004348367
0.280053128944515
-0.836591212267774
0.653533163617214
-0.902540961623437
-2.03255201454578
1.34289652536155
-0.0996047055005739
-1.3205457822542
0.490032052603938
-0.13701034864936
-0.0543016244860369
-0.644715679765775
0.020391609699548
-0.270451018172699
-0.472232429739442
-2.13767534930398
0.097327073472671
-0.379328576092151
0.434192902913088
-0.115664294636564
-1.29897046835665
-1.44740649315577
0.117876700713241
-0.713256538016366
-1.51039577650116
-0.29150438861163
-0.890669214597854
-0.685476756136747
-0.0639322894309572
-0.269658040436885
-3.33467536354003
1.05127376242621
1.29101956711379
1.23824906704604
-1.90165631418952
-0.442676356914958
1.23726468585424
-0.034628603802704
0.870557707524331
-1.3583535270645
0.215011232119934
0.449079188725812
1.20446178465285
1.16217674209784
0.190854336942394
-0.559199402522627
-1.18450209696377
-0.112966312972576
1.02924678361204
-0.687589335177104
-0.349450308644348
-0.147656106009557
0.427033657330538
-1.48696990946078
0.558629046995213
-0.235439675631082
0.215797961536886
-0.0717434140692806
-1.6511812686051
-0.733304145196212
-0.001886288557124
0.700392753856694
0.785836536099724
-1.02470968889282
-0.37409459060045
-0.743648960606196
-0.674708287362035
-0.6763354211275
-0.973637503027373
-0.76455739416731
0.97919595107325
1.17383261804459
1.3746664154182
1.2027383496724
0.0269493670172347
0.711260302486253
-0.0914523764692441
-0.116861627901896
-1.12578893420124
1.13987143510928
-0.459491237689712
-0.920665190845484
-0.30393077907685
0.267685253178417
-1.2569610031532
1.5529932885864
3.28902221110227
1.4306875730458
1.40293328467139
0.020715065638683
1.22208988460687
-0.577103633365481
0.825420145543567
0.382837248481534
-1.21166257971452
1.11629650843708
-0.818011975318963
-0.444864848082868
0.844661289767558
0.951259179137202
-0.862401297076409
0.612258116618644
-0.105020523015209
-0.753762263573015
-2.77149280105207
-0.0986434264177824
-0.862521183734214
0.0119144198361718
0.227902421584534
0.754868073472595
0.210220921404522
-0.653579835301076
0.25185089927799
-0.415650357964597
-0.192023638930723
0.132729411093459
0.244478759598709
1.30487964912332
-0.940724065538842
1.33690041874009
1.83593170616585
-0.703934769978512
-0.489700073207826
-0.862239418738147
0.678578786886658
-1.36870654517632
1.10793126486612
-0.751664609851581
-0.860862570436002
0.550004482125283
-0.49739803131194
0.290913908826882
1.74264295355076
0.171098040885632
1.66623092387058
0.280513906436464
1.33259510479393
0.808199641246076
0.394439997987379
-1.19649879784075
-1.0292934931276
-2.96997898422175
0.148736080673728
-0.289151645795387
0.417479874819017
-0.0779511093124028
0.679945791706844
0.15098857826032
-0.838140625939559
1.83286889219051
-1.20977207624095
0.377401902245773
-1.07929478029014
0.0131917858307359
-0.0962640211149256
-0.500069378562987
1.12009717844574
-0.723007719260849
0.00959022762093077
-0.628588184977706
-0.504443449644127
-0.0859780511556318
-0.203284545542161
3.04968620858383
-0.986570999217687
1.17333057390589
0.319239739006528
-0.527329799622639
0.28386198149986
-0.174622555835959
-0.67061665808359
0.50742575021907
1.24743430271033
-1.24827554221187
-1.934718658188
-0.763862515785294
1.42708874091173
-0.263336917809388
0.586125356437918
1.02132214090712
1.74773162170613
1.02140376593611
0.0665360131509387
-0.309739573142118
-2.13237583442794
-0.322380915167478
0.505349791218643
-1.02755740587754
1.16087863995159
0.678678000535035
-0.574900472450726
0.0448941847444126
0.329923093593966
-0.316728567602013
0.551509487774879
-0.540184809904946
0.128417652074905
1.77590486159275
-0.871930154717011
-0.745125239678063
1.15617780283421
0.124097652582163
0.901342900824523
0.0730580356818035
-0.47675236506762
0.876341415916475
-0.10098603579442
-1.92078429381668
1.40296898949641
-2.06679567230227
-0.328137917005938
-1.54888381544066
0.236518356094544
-0.176512557406408
0.888191791487953
-2.15605172171831
0.674902938795879
1.26647457336318
0.359137850595693
1.04003821930987
0.567361013512891
-0.734184199619729
-1.44193225504807
-1.08636360380745
-1.00530536019033
-0.429018599878844
0.0180384236735153
-0.6674291868758
0.968218245087137
1.3910529261483
-0.194148446293093
-0.489157720389873
-0.524053526905322
-0.535994038481839
-1.13589545603572
-1.11788811558436
-1.24831579704395
-0.914279306481067
0.73318039839875
1.7687343427316
0.0193971383191557
-0.0211268075651293
-0.20600365937507
-1.02953158364251
-1.69915914412314
-0.672123269347973
1.82496444233573
-1.52664862429302
0.611491602641798
-0.271248845751939
-1.33408868686067
2.34545382222571
1.23433700190233
1.52505789994092
0.581108801673337
-2.3611002154132
-0.0768439554879483
1.38042639190707
0.00143238606411348
-0.390438590067819
0.43182371980981
0.629972931337979
-1.59038903758595
0.587847118879337
0.295865661430514
-0.820627980909388
0.349401053457032
-1.37775333231426
-0.863762461853148
0.747993014653646
1.30712856942213
-0.587829568811341
-1.13357907426432
-0.781604567007212
1.08319834872711
0.459888811386083
-0.489862326150678
0.0755061779097776
1.92221888075885
0.127680156266799
1.1239222147777
1.22665880827998
1.03137734736776
0.0679363453343429
-0.996959949480875
-1.16787104078363
-0.603100131245345
0.728380227622869
-0.616519167875096
-0.262408915622796
-1.26620171987025
-0.902752301845523
0.146091490554162
1.3384243600138
0.666873430916567
-0.634380589970193
1.20876062324752
0.932657017483215
0.66503821425484
-0.182851517926676
-0.591407276699408
-0.806172572172698
-0.209876754211656
-0.352546825865419
0.111815197740918
-0.114083655413961
0.101224305408025
0.207849090695812
0.22020874488722
-1.03177785437623
-0.330932977403775
-0.317692063777416
0.388304253641281
-0.775576431514719
-0.173296371917444
2.7001565337162
1.85166071392364
0.799017307379535
-0.00893789168791081
-0.113555656919719
-1.7798205611845
-0.15840248480399
1.11276793300697
1.91848838759728
-1.613377494931
0.371769306972534
-0.9234435848134
-2.30410442939092
-0.27664145044679
-0.537287976139533
-0.0675169458087641
-1.6523774213228
1.39309821661968
-0.338886040826288
-0.0753261542940653
-0.702812147441463
1.34114089755902
-0.237151800021401
0.317923161222627
-0.422384644245946
-1.26594751392116
-0.0848667240294297
0.497415040528646
1.67471876953804
0.8786207114562
-0.265201785109153
-0.368942366325874
0.0474165806822011
-0.918326904683796
-0.748233029251953
1.56687324661417
-0.676873287061874
-1.64039631966703
-0.543869979042951
0.800526280833942
-0.694628676283931
-1.21827015500706
-0.472641433978687
1.21753734771838
1.225465622072
-0.532487614652709
-1.60106275812488
-2.81050337306495
0.123511378467974
-0.156014160019648
0.520191673796121
-0.895101962004635
1.34434630576748
-0.345904386996657
-0.0294836190264545
1.30841030134337
1.97790329440036
-2.31286660100226
0.12994803764241
-2.50608663050923
-0.671374718053876
-0.244750179659405
-0.816734827458565
0.491471631190049
-0.112294397550244
0.226429332166581
-0.59350335806727
0.0417069667874414
-0.994080566476418
-1.22346015733335
1.36473595600702
-0.53470020971453
0.567579457623272
1.7349226354558
-0.956901203204413
0.536674763738936
0.725042624185564
0.0611383686094142
0.00446255689178777
0.488527825024903
0.567560766788254
-0.0691017860751925
-0.0628337353307094
0.695446456420932
-1.66800973564516
0.809997113078534
0.385430689674264
-0.691960211958121
-0.443428572427364
1.3851379866227
0.822843884523137
0.593420078233661
-0.421320112079562
-0.0162768150919803
1.09881034379512
1.28105152794283
-1.02245059221455
-1.16177585668865
-1.73762062898982
0.463883493261949
0.0306039253733962
0.516910552322474
0.431947946799889
0.11777075263052
1.38680083405629
1.31080356527265
-0.245845863322459
0.424737454835527
0.178541197772161
0.109110586261049
-0.345157013778931
-1.11218414129778
0.564665808615042
0.207867314188783
-0.315336038929998
1.63054735753534
-0.603987672604932
0.00806566610715348
0.0362294626747062
-0.21764653062908
0.838158212396083
1.8675922417255
-1.34817012612782
1.93675480927368
0.909853451578939
-1.87040812071915
0.14387479467235
-0.306846352137055
1.48358230142352
-0.978629949052099
-0.864351689453781
-0.864719255781193
1.37093754143609
0.187687669424853
-2.77424891762585
0.0179625176276775
-1.56251323388557
0.654968765269946
2.35021978430152
-0.560182619980149
0.101989478488531
0.19535999999379
0.25764373558585
-0.478839921873459
0.132821752018746
-0.529236442846417
0.44261124986252
0.689452507772513
-0.764094429266276
0.0873659964884403
1.40971153109392
-1.14109138661949
-1.64711747706384
-3.12612546259103
1.18721018660245
-0.356714023222837
1.21223846954799
-0.693952721340296
1.35606159063857
0.905731335785151
-0.941588752255799
-0.638584393153946
0.483487551708313
0.758747936935796
0.426489352834208
0.361050796373508
0.505106569574291
0.662956915631954
-1.2063837266133
-0.0192839858629592
-0.43483755194595
1.03413374999746
0.185520623831921
-0.974735612637433
1.81410840962851
-1.23774479497207
-0.965472808875755
-0.831859966522379
2.76099971244157
0.263478173689708
-0.639062304229786
-0.129426375602313
-0.163620412882294
-0.3051041200607
-0.321383804418999
-0.85765688201553
-0.420970725968033
-1.08726362114699
1.13607807264331
0.0154285771257972
-0.824193638679315
0.876678067764039
-0.356272676323136
1.26775873778389
0.12882143113889
-0.316509463714991
-1.51211395210947
1.66719512048343
-1.62720583370652
0.0322998478199625
-0.308667038457376
-1.64702651754849
-0.824726992755689
-0.231764201046522
-1.40929534921512
-0.489451881595667
0.622143941148231
-0.446745347181586
-0.315625655624855
-0.771357974867309
-0.660670000313563
0.160214629823063
-0.757814970662776
1.38598118465889
0.278047859640631
-1.23463311749916
0.363641330158788
1.08686898108039
-1.72536807940424
-0.0802615916495738
0.235652766373512
0.599016742764424
1.88043677162221
0.380434358602652
1.83527664847473
-0.823294126512621
-1.350656666615
-0.889057835512844
-0.160222462794393
-0.072056965170372
-0.698292480919823
0.675133984923037
0.995128598318977
-0.159759705563236
-0.846555577640433
-3.06828206384738
-0.307293526977768
-0.848014869546675
0.984247516153845
0.743879779650814
0.0272461396138034
-0.486786795022441
0.143642006439012
0.261067964354248
-1.24999029413128
-1.55257237946454
-0.624421470468245
0.622722310559225
0.0721119279191423
0.271108953033582
1.24923191735838
-0.951762924506783
0.934460065586209
1.20449184125735
0.546815744950514
0.491321166594977
0.0548609746446381
0.959684792526404
0.175586269605124
1.19085424645337
-1.42787579329592
-2.960838742055
-0.337466603562243
1.95476530843016
0.837603199028148
-0.65728298291829
0.973591186208813
0.512335555627882
1.87465068061779
0.902623150727421
-0.245282086510309
-1.0299776783218
0.166650164199757
0.807312822277692
1.95330127020184
0.635005355330477
0.0318480421712833
-0.376810296951107
-0.0216536748780434
0.118189709328244
0.337506558530138
1.79569825412537
1.08358238155257
-1.30335457132661
-0.731234944944751
-0.675309478436804
0.209466003382888
0.883079431335822
0.0490746865992367
1.46960499602269
1.27305093152997
-1.18129548488433
-1.20204642560979
1.99689516035174
-0.171335350315672
-0.524467204471823
1.39812068318121
0.648173132558533
-1.1639804384544
-0.597802105820324
-0.855377217728272
0.14884757448026
0.291300372330968
-0.12748953065418
0.801749811795501
-0.314966208867851
-2.43031902608949
-1.36438118365587
0.267498225489488
-1.77871548845119
-0.411255871614469
2.62886074134743
1.39529478658383
-0.748211955050587
0.465594501550865
1.33156784073214
0.389092754593691
0.895789395960606
1.37665141436595
-1.26397861212018
-0.143482003390897
-1.08289009953863
0.739338349496384
0.239992723690089
-1.09169035716684
-1.4527680973857
-0.78169145663251
-0.79847980630272
-0.718460168273473
-0.251103709532607
0.90160984079657
-0.537177192425327
1.26444164985164
0.337677623309874
-0.0547499909125068
0.418238648831697
-0.925218987665744
-0.541994400470456
-0.0856552702315856
-0.0203971465329966
-0.559597804023691
0.554836578075976
1.18062940865942
-0.969743115549175
-0.286564684337434
0.850792818658572
-0.171405773504695
0.511891811345361
0.70584925789929
1.356734587335
-0.891784301890928
-0.648968984054553
0.14253646336494
-0.731715647431931
-0.607841111552146
1.0762231379778
-0.576425790799455
1.09862636353976
1.4073416884128
0.0366561519655857
1.9239186287906
-1.25501875529392
-1.19706410656688
-1.49464423164416
0.712897815726032
-0.548898564429376
0.0244372531036974
-0.430050681991786
-0.895087588134821
1.27723799726719
-0.0876978322515305
-2.45556219289223
0.896467301277569
0.755326368705535
0.269681729309377
1.16017178240129
0.230170318589479
2.22542067326755
-0.866470565869161
0.747952334850916
-0.320562030631306
-0.830560575606642
0.244342456597531
-1.16486296972236
-0.0262460567952989
-1.29471883836515
0.190466283417043
0.502807418944925
0.815673174482617
-1.16045763119574
0.438592411762408
-0.475260266405942
0.0401675945935811
0.915386234365251
0.345929338680152
-1.64719362479294
-0.0833195772992678
-0.353602827073967
0.910934321819268
-0.989094636995573
-0.628349119790917
0.749104926189909
-1.44770743439239
-0.64893548138727
1.10949564973078
-2.56138782713487
-0.888051519150196
1.13304816496594
0.630442193123239
-0.591059539114605
-1.34633842376103
0.537050320878981
0.424586380819041
-0.448983034596875
-0.274513011773128
0.179935430347627
0.452076350804361
0.680015674039195
-0.62507244592418
0.717227606640692
-0.306619312087758
0.920545040616492
-2.31095503190772
0.345497801197929
-0.2558937065193
0.974532178905808
0.800272024954448
-0.473594106469474
-0.959342642582263
-0.989347601532771
-2.07800649980206
0.818046250794619
0.816389424497437
-0.905158134266286
0.592262636758676
0.714548546117131
1.3815417920229
-0.486275989130867
0.337212146169791
-0.645625377377398
1.43015673240866
0.308538089223252
0.278931704829655
0.228292155206748
-1.99336453181168
-1.50017813870525
-0.651634658085591
-1.73156034235075
0.445640798065796
1.32944320893897
-0.142263200827322
-0.133638646878834
-0.0888117703288599
1.61339180907397
0.721530935135869
1.04727700234223
0.631697908896751
-0.462835608915607
-0.498643040977859
1.82481738623345
0.584455563897512
0.159693209259668
-0.535832490608937
0.491414184704998
-1.66444187021867
-1.10935264097396
-0.12981543763322
-0.492138872403614
-0.590397516856788
-0.573209451248185
1.512635914679
-0.504601888538242
1.64338057290397
0.969512934963035
0.943952740205004
-0.467184967910022
-2.04974836448467
1.73747937162744
0.28033918487374
1.34751518753312
0.500537883995336
0.669602852515611
-0.415730377359972
-0.885232254644362
-0.326935904355231
0.642038634585716
-0.642331767887299
-0.511399678545815
-0.62776842961771
1.38202252269753
0.901359161117073
-0.0358525010238236
-1.01111881519878
-0.605881005366166
0.0529330546883286
0.236748820494176
-1.10728163695264
-1.18913854278655
-0.988761177857096
-0.190451594932855
-0.709476881296716
-2.3409125058475
0.569894049495696
0.0275380007739789
2.2232335068411
-1.00259006171583
0.182640088974182
0.600458605575438
0.619609246514731
1.06398913231963
-1.6897361981851
-0.0603264979954161
-0.730777736004665
0.252796339967786
-0.257853984973209
0.410061045573578
-1.3397393120534
1.36500902371425
0.908833119129858
0.213459604299012
-0.910917579651128
0.999769237438222
-1.90060934131921
0.495263775262792
-0.549336689926269
-0.657337469634312
0.944090244320368
-0.916503543866541
0.133554560754096
-1.13256819591346
-0.342047623838268
-0.998091210780227
0.618073107523146
0.245516201454185
1.00719557692499
-0.0603442546090456
1.22399612575605
-0.0230371249369626
-2.03966604663038
-1.37695318912014
-0.290606660617095
0.711085675532915
1.45710476343204
0.571763475378945
0.541355562614275
1.4303151406204
-1.77328798910173
0.819141513531169
-1.17440117127908
1.21380691275284
-0.958635811198239
0.0703430070833923
-1.15705292973031
0.531391547892095
-0.329079735747822
-0.229793206664284
0.00767687340737969
-0.258654597457317
0.656339682105887
0.0864034955305894
0.814554847894138
0.544850476651681
1.26776767371202
-0.650150061398748
1.12938859584775
-1.11177815300133
-0.852194906755242
-0.695015043045522
-0.865996966090827
0.831441252537753
-1.13411110951539
0.567419197266663
-0.469468491823083
0.275324307767121
0.0322129445655805
0.758938467022134
0.279070463578489
-0.242493779303844
0.0406032025983284
-0.641448576666786
-0.960519926700459
0.871654759463876
-0.740468478172525
-0.302527821302559
-1.2076696773111
-1.0198602122099
-2.10527986711263
1.242410097666
1.60923356300077
0.390033209866182
-1.4505867915012
-0.810521618269909
1.56044024117847
-3.1417160221036
0.313479713939763
-1.70669518535218
-0.535684529519175
0.434845410563609
-0.318457798906921
2.35823354984916
-0.747467968585997
0.764554834850525
0.142784536490412
-0.626951776482548
-1.38061567709434
-1.7556612671311
-1.93552883145705
-2.11809084845302
-0.517452406458751
-0.695725708863401
-0.875135485587828
0.178555349297301
2.42586244465835
0.439381234401217
-0.266038681840321
-1.81453819905451
0.202415689475887
-0.707904100576263
0.901679003158067
0.265834749522249
-0.0619568911718991
-0.0253184967587032
-0.65019009824906
-0.457658615770109
-0.3577304258222
0.482235442794566
0.0866016018159454
-1.0203198595322
-2.11373494734868
0.475404836767239
0.855625574224684
0.501315382197311
-0.0373646625571663
0.000776485444794585
0.144248617043961
-0.449005965773432
0.559679019498717
-2.6535399165163
0.0481704153088254
1.28442555907957
-0.461560919296712
0.100318788613909
-1.11349388026224
-0.0261637647844682
-0.781000859312611
1.41748027844197
-0.42742062476938
0.498590367240442
0.260709150062581
-2.32042530360012
0.318639468973844
1.59617560946672
0.462132289239994
0.127343254732353
0.0638690756625162
0.0801508291490922
-0.0368877121332972
0.137060055240212
1.60949041518306
-0.938681250451555
-0.0697493657664189
0.000955443396401516
-0.659232594178714
-1.61214520211075
-0.247776282542158
-0.259480044894114
0.904138670788281
-0.954055098393845
-0.2450551429354
-0.246843313805936
0.461919268840523
-0.744230444352698
-0.50316866840698
0.850671276732819
-1.6193600265553
0.151788149557843
-0.221021283759817
0.52917823817669
-2.40091229362287
0.709130574717
0.413429437302669
0.20874854491843
0.622615094964549
-0.243076632483999
-0.765326297189236
0.167958868004068
0.69707946167818
0.328495696214666
-0.0547396064415493
-0.90351136526584
0.553154734452345
0.758989874736025
-0.608703887345086
-0.391427003611557
-0.760191426030374
0.584165140103913
0.00664668420054961
-0.51566141009615
0.749620294506236
0.172737301002004
1.87296737055582
0.465581557994054
0.556537520646695
-0.458843210320614
-0.0335947140774479
0.928293785240595
0.250595622642414
-0.331534390497118
-0.59188755839019
-1.25492994203089
2.5971467378346
0.250639074239899
-1.18146496149593
0.106297974032472
-0.539839329801425
-0.212894566175406
-0.052979054769364
-0.376868584371102
0.244832573333689
-0.0118397007047705
-0.289396420217081
1.59250664449591
-0.121374615760762
0.49962763438126
0.159126800202691
0.437123423669347
0.775915270411312
0.740122153039595
-1.35367103942288
0.0903896913609265
-2.03718225194198
0.592318412962079
0.310890737203496
1.19687907254242
-1.58665412406568
-0.988846350704818
0.908024215500364
-0.64940009220176
-0.483290589236804
0.537270015462541
-0.514664539059651
0.59532949006059
-1.23719225736758
-0.95048170572338
1.24559102786038
-0.843154530277911
-0.425433486335442
-0.848558340035549
0.0154750284555276
-0.074720530659123
0.473635812718347
0.644483869264353
0.915913478911632
-0.831545099266292
-0.182648619229022
-1.39196798306064
0.708247812020126
0.188965823579383
-0.217366875576962
0.0716346264614951
0.134233555794281
0.153327892282654
-0.919176945068463
-0.429302279648397
1.54554313061038
0.874231632695673
0.109296141825621
1.03952815166067
-0.899618953368638
-0.188491785588968
0.696998047108157
-1.12182729171271
1.49419398656821
-0.463913322827306
0.590367514808984
0.597002078281723
2.06822058548301
-1.68935735987575
0.744169874233573
-0.241762856033551
-0.171535140594553
0.281546977289208
0.604896825745382
-0.185356662364755
0.603677369207786
2.36685948868451
-1.51372751035493
-1.94523808522934
-0.27831932884102
1.36427542099024
-0.462407092292754
-1.18813923309695
0.526617542687284
0.410659421435079
1.6298411719069
-1.28881645601477
0.179411061480318
0.955058224001284
-1.50770637179599
1.74203699856276
-1.06829417769123
0.619369965167734
0.364280821688781
1.12966010142483
-0.22342773493178
-0.17922392923999
1.74147063737463
0.313062773592684
0.863563135653615
0.243776037768039
0.550555801699542
0.416822318832096
-0.799541433595236
-1.28341146943566
0.670415071275013
-0.388423271902224
-0.0753122783628914
-0.38511698109532
-1.43308219571147
0.580484936381029
-1.13785100849936
-0.269623668637099
-0.462657700696554
-0.839130656404101
1.66496606382576
0.829306964440886
-0.139861348581695
-0.455594818465735
0.373073713291738
-0.37858168337563
1.28229441807631
0.919545625333752
0.9865423337862
-0.315930228241391
-0.23554203845811
-0.719989118497427
-2.43292079831763
-0.438538116431374
0.831543195019437
-0.101161649246299
-0.179945673908593
-0.360328186573833
-0.668160152799463
-0.361833411647274
0.239828059316362
-0.694779265037183
0.814134396511187
-0.427324104680642
-0.412431381792378
0.0545934977958639
-0.368501526294785
0.93449224514698
-0.933514376577486
0.402861157671335
-0.911968480177307
0.603775477417215
0.213847006364027
-1.38067446076287
-0.799479243675173
0.517075947972194
0.035974204920652
-0.379209112692754
-0.574956860509058
0.740926095977368
-1.12817088637683
-0.775467093206067
0.00907467644181048
-1.23454459126446
-0.303029515506396
-0.317780493342574
-1.62222403508975
-1.1374601188002
-0.243380628049777
1.54449147580984
0.306066259231554
0.320433104552515
-0.723347451964526
0.87314561405514
0.424416779575045
1.25173667153228
1.06448397722778
0.894792492090079
-0.780804980506557
0.212347522984554
0.477375233725461
0.423691797913307
-1.34760619676064
-0.333746645555072
1.29765187630962
-0.208059459941891
0.731345855385245
0.00288316051521121
-0.992413214106951
0.963217605596277
0.713891783734494
0.116952692853247
0.213429272446516
1.3847163198548
0.0683361190868302
0.501806881720152
1.50900072610705
0.207876643546631
1.13354701368503
-0.516100043290474
-0.621433950661108
1.25877572324248
-2.28023434856434
0.303905393198444
1.19604860093315
-0.0741059009908547
-0.456769697821673
-0.0100614382396705
-0.116480707298475
-0.524144177818513
2.7570557590825
1.1366101348318
-0.106262981013317
2.01992506208599
1.1239227259464
-0.875498464835159
-1.32356842288703
-0.246917365174232
-1.78339718149884
2.18392171403876
-0.0333021993073024
0.55306493140381
-1.22096133872374
0.371614886665592
1.28702106970981
-1.20194110790512
-1.06041046553149
0.22876835615697
0.829736379825167
-0.393263915415251
-0.587714520814017
1.42231905177148
-0.485235354596168
-1.77433475107151
0.421192660164305
1.44855365331246
0.451825800864283
0.461177976181972
1.34839006989454
0.449625298007934
0.665276643032425
2.08576692204074
0.400715948889388
-0.889412464940309
0.352548117119904
-1.17828210880175
-0.601810338627644
0.700320868935617
0.0114372875199572
1.24192156037168
0.71753201262682
-0.0143053790194125
-0.146501708236456
-0.0629529721484306
-0.352497342547369
-0.0279249014340083
1.26826053610022
-0.222626585598252
1.73593914517608
-0.345996669884663
-0.376884305170433
1.42782343559376
-1.44818153403938
-1.6481426418834
1.04754519691266
-0.970048254275177
-0.462495641577451
0.172039205089604
-1.72860714476836
-0.0816414262638184
-0.849849683570918
1.5362757914873
0.715084286827625
-1.08389685062094
0.297392921592254
0.61910021175287
-1.16033654677369
0.860901264620597
-1.61685572533955
-0.705697453923191
1.52619128869469
-0.0724514583945329
0.544906164891444
1.32477033234338
-0.687406479900913
0.590228333884749
-0.934530352090253
-0.365955798276269
-1.57364488189538
0.0791389536912589
-0.406645252747477
-0.399582166737869
-0.581428300555339
-0.765875018686036
-1.07401030212292
-0.152316187714944
0.97346042737253
-1.23448375731235
0.487930282130375
-0.810139002797385
-0.468889712117164
0.928153384850955
0.6227004278216
-0.349451413600825
-0.997656819810461
-0.964182967764642
1.55958569809753
-0.737917636674756
0.563557934447542
1.63523772040453
-1.3888094318084
1.54859725552439
0.206723528247641
-0.0611124214688964
-2.33587829122703
0.102233305055663
-0.426369218416913
-0.56375169069694
-0.106472638413761
-0.170588557147535
0.414905336641366
0.488030131482258
-1.16602915093337
-0.50460557777809
-1.5408147615107
0.0743268417952076
1.36017852807546
0.468299445185584
0.238829707128144
-0.593246568090549
1.28287266950855
0.0239336339800538
0.580780672051954
0.0219823702704115
1.49370550388205
-1.67062652708468
-0.440276047790991
0.367741465116536
-0.217818244292422
-0.616354424644092
-1.17266134773681
-0.887915887068782
0.294267271102169
1.24751610754086
0.192599819187369
1.28749296066393
-1.07928916375279
-0.140832878722216
1.4482201098816
-0.861944017264133
1.05076285413564
-0.071797326892746
0.116736620846667
0.977866508220299
-1.03154201114503
2.19912932531649
-1.44841132676412
0.455255794615384
1.09474251337291
-0.61590631615059
-0.188314525868149
0.594557759575452
0.144910258203801
-0.866716504321091
0.900142795348714
1.52556339263204
-0.688500312065715
0.00406758252187566
0.981170134876251
0.597888355983528
-0.63382094315049
-0.379427027761042
-1.40773306995483
1.72262313800224
0.706814647625521
-1.28304547474126
0.0824746937830665
1.16643078129834
-0.495559599722048
-0.571426244212522
-1.16082512170248
-1.14255991574027
-0.578520938643119
1.04058855003626
-0.85821664524264
1.51953011679363
0.494777984985416
-0.454517716118897
-0.93564366112576
-0.910648848298097
-1.0247380118333
0.668547058583927
0.490979367324465
0.419734429895088
-0.300479356851887
-1.10570237835454
-1.72394964823362
-0.222870848849035
1.57351547675953
0.217098714524899
0.728334974436501
0.040991851618886
0.270655775212497
-1.03227954861646
1.26447574493935
-0.138421076523357
-0.966235082828429
0.173635076268846
-0.0445819974617109
-0.791059494157967
-0.782779795461971
-0.40127542286802
-1.98754573364588
0.455903964108708
-0.0343429324939708
1.6650308890279
-1.23451700083024
0.0119194876682191
1.62515432854009
-1.63617056681626
-0.380076700630281
-0.0655031781914363
0.204630406790098
0.525876645519499
0.749247836634627
0.639218277315609
-1.7025907159882
0.897933962614633
1.26930996719235
0.514298228673276
-0.339008174614363
0.732951504580866
-0.49217562008695
-0.189167284340289
0.544156546645901
-0.701439205169098
0.281923275335301
0.37556091148523
-1.14562056405615
1.38976054671192
-0.478474137454336
-0.543914024563053
0.246038815262907
0.0147344472286727
0.326536132512793
0.391653013857716
1.01531523760606
-0.455490550415652
1.62063952007513
-1.54508762389
0.891131450390672
0.912321506411722
-0.0713136864643141
1.13969595021845
-0.511801669682349
-1.03759339846523
1.2583105729071
-0.0831826946421629
-0.0339284713763022
1.73417231689702
-0.835384702689252
0.260585308855435
-0.708143095266895
0.531855028484553
-0.848506117562595
-0.273002938915773
0.89572444152406
0.25485455780326
1.05801013087003
-0.0878634500344422
-0.618395917682794
0.374546974025935
0.176355873377521
-2.07071857222431
2.10119920799676
0.823036195752053
-0.466235890389742
0.37612835340632
0.74653900087654
1.67939077918516
-0.0305534788206206
-0.179229141536431
-1.18603790221301
-0.76545585308753
-1.45963928945135
-0.664066027194926
-0.284670380268534
0.415210015632873
-1.04274751588912
0.0243136182597045
-0.574626536901372
0.141525291089753
-1.81301663083044
0.409777299526303
-0.743697835742592
-0.543880089021181
-0.779735537125565
0.700634175976067
-0.0230724796732728
-2.04799912709643
1.63856257847595
0.83569273474431
-0.162715137969377
0.637923605140886
1.14007011155612
-1.4086838454473
0.123235977455536
-1.60510925512277
0.00452859263509742
-0.36469005060515
0.278487740406494
-1.37340897505627
-1.94503692648553
1.65115067652291
1.21296073130413
-1.19132045491312
-0.281979797459944
0.142131235516508
-0.177321349321397
0.971035466805161
0.524698639116952
-1.3277856195308
-0.501621533554443
-0.601094918370116
2.22472091927508
0.0204209892249668
0.449181870312489
0.450326187701918
-1.17182265916062
-0.362174877096488
0.298690685485202
-0.79432536525022
1.88750742500963
0.588187897638789
1.15567927899971
-0.874387776351248
0.258656813944025
0.05844449138118
0.822544348231614
0.456708593820783
1.09663041619604
0.162203686707886
-0.17829286698018
1.99873573787803
1.18346393246162
2.7021261452068
-0.545096625750545
0.106620264033243
-0.375067021533494
-0.229612630177627
-1.19637101782143
0.198801684382543
-0.214207434152971
0.115480873617802
1.48095284220874
-1.77944391176557
-1.32011470463374
1.78462847567181
-0.667800691390652
-0.874720995669088
0.273902158030841
1.09381865256075
-0.135888833958389
0.896825808742495
-0.625781694926703
1.78281181807593
-0.44628954106314
0.56506835640516
-1.34383498629717
-1.01195265220205
-0.138476920189261
1.37301257847713
-0.101229696267992
1.27060175432264
-2.04048913888286
0.670141691049779
-0.0308976536168781
0.166804689323578
0.663030432185572
-1.27026010302828
0.467488592012456
-2.25243172192792
-1.08037269431935
-1.0892328121207
0.088443827205291
1.04482026695987
-1.10573398412324
-0.835428300051867
0.474259782415276
-0.716436562892914
-0.344331281880113
1.09639265407741
1.50174844364695
0.984292365486186
0.0868085310687654
-1.94330360974693
-0.373213383156696
1.60493949778224
0.0130377447295218
0.570063618659349
-0.0163787070377962
0.77204766261945
1.34397897855924
-0.843671220975003
-0.25538938591676
-0.464180867041342
-1.11965966675984
-1.10524197631166
-0.855044183719374
0.0334979012296731
0.194691598169698
2.32977108878519
-1.27252671010127
0.426753114129259
-0.135401731193374
-0.748781389096654
-0.883731213489036
-0.0836337578508737
-0.545709500437642
0.43680137612301
0.0617021175146943
-0.188299567666544
0.47990287867425
0.771344156990476
-0.967731459168919
-0.673070021503705
0.242577478874255
-0.611007279046554
0.239618948887494
1.35289579644461
-0.590724972387008
-1.00147283174936
-1.3344589514433
-0.753627015975954
-1.03551501093753
-0.225655764053199
-0.794256839531355
0.688836309848471
-0.788063952538943
1.83803577897405
-2.56241991941222
0.963268689134208
-1.55946642376118
1.39808346692515
-0.72962505814475
-0.768942952913968
-0.425157040841089
0.391784358240839
0.0724904113649067
-1.28990713112575
0.509892115828519
-0.715364266890828
-0.405521535746077
-0.0125211871068177
1.10088103759019
0.95737578909118
-0.550847682392798
-0.461619377624958
0.451086495900639
-1.20021629561451
0.358842455110506
-1.07608406318558
-0.163271206411449
0.935962687608674
-0.606126764803104
-0.313638984426882
-0.216433883976193
-0.52540006878061
1.13930393463457
-0.66188503088809
1.3794303990613
-0.780738067180268
-0.0123286550918683
-1.07846675898945
1.62099210897969
-0.268205523772239
-2.06454848964861
1.92431425358019
1.64547147411687
0.468945355200936
0.128249049841224
-1.03055370943979
0.380653249594837
0.277584913696618
0.98233079746644
0.504854503745084
-0.895045428321495
0.631300208839173
-0.128871182560885
-0.733961518647676
-0.748757652644573
-1.05281475945382
0.282138104641247
0.411237614351906
-0.409227868807613
0.650820161849676
-0.330364933108893
-0.150762874447201
-0.054678667865098
0.12900696744478
1.96159150513553
-1.12767967316755
0.164379826479008
-0.0635263157544191
1.58738713288232
0.0354626293287733
1.33929674960512
0.133688803660635
2.54360912765063e-05
-0.163254100117466
-0.930458392966883
-1.4033252511996
0.466800425235644
-1.70192828139062
-0.145787188580333
-0.250693255568194
0.806697561803571
-0.960010615824687
-1.34055978927317
-0.771410828575249
-0.242590768406938
0.460010575716655
-0.654014166034709
-0.572562297222562
0.474511983488141
0.266951987970937
-0.361035268613876
-1.23288365439145
-1.38160164309518
-1.28362873988771
0.0109577786329394
1.26635916271456
1.23754453894742
0.110307812688159
-2.38190961459487
0.674144155590146
-0.105002885342483
-1.56262817344001
-0.600812425138197
0.228182516416028
0.729509588164707
0.364541727872544
-0.637504516416125
0.760274282248391
-0.610892147065945
-0.388906187955677
0.32363741508132
-1.37726584846047
1.57437360558052
1.23642330217232
-0.283307585697964
-1.73637502938424
0.678135065443223
1.06200524096139
0.149966903516413
2.19440990458696
1.20134814020108
1.21928435332364
-2.34212671239246
-0.28217968710066
0.351956055351531
0.0627383488162791
-0.679357127499508
-0.794479416846245
-0.108565784400487
-0.575566953759726
0.141863246180845
0.704728261931323
-1.68964427202971
0.610526955879975
-0.376738654360035
-0.218404641401962
0.596867147696596
0.149051063103709
-1.52716984747244
-1.06618271164564
0.535808887797185
1.56298358988597
0.355861023685839
-0.563145496157112
0.989176405554894
-0.165553758902961
-0.0881498600906703
-2.15603990038003
-1.45185733748999
-0.785783853639111
0.837985038441182
-0.964901925577719
1.49876142977068
-1.15007260762736
0.0684147174930806
-2.22390446051928
1.01553682505083
1.08339950060871
-0.216790093968268
-0.0822492343632123
-0.238049644158301
-2.42164531805651
-0.654023514673544
-0.887915023700518
0.765140491075889
-0.399571846425052
-0.980930470113522
0.527316071783592
-1.20972121592324
-1.12446423216374
1.04858088822592
2.09515180208338
-1.06362406199941
0.948588387056796
-0.33119298026182
-0.387811341891833
1.78780177396713
-0.476288522839212
0.506856714260937
-1.31469533304323
0.0698778041987136
-1.07781229076858
1.28296603622353
-1.98225719744085
-2.19071904146396
0.086443393517773
-0.68231136685736
-0.10357087578189
-0.169058823000293
1.4046349019166
0.13159096934939
-0.486306391284177
-0.851983222090995
-2.31074527502764
1.3639569637227
-0.416485400128885
0.273919668443872
-0.354279746992822
-0.380788638083575
0.310742306731041
0.793401910132329
-1.15527925703486
1.6705442311768
0.109682813432847
-1.38075932132711
1.05194461133951
-0.617644634892508
-0.00746537086435184
0.810974182755656
-1.56557460813062
1.19653399718413
-0.572885801129063
0.0511536966723419
1.52654491465466
-0.110967511118393
0.203138987353078
-0.675713850763581
1.07412014724943
0.967350283459664
0.770086843039011
-0.43017949450194
0.759558016068964
1.22063242406496
0.467097890270179
-0.780227464790045
2.16546930020775
-0.488755147502211
-0.0462076504352718
1.34795315780422
0.350048413721588
0.728632068026429
-0.61807406165889
1.09824807391632
-0.446278448548348
-0.162168101292345
0.644012038902095
-2.11172283232482
-0.445228165224612
-0.822585447402744
-1.23925222239716
-0.0489671060095254
-0.0370043690290329
0.156218295857273
-1.39040996103981
0.285541141216213
0.0659995266330106
-1.78858151862663
-3.1884357559596
0.194721485231252
0.00956962488119819
-0.239225308542459
0.487081818664258
0.401293221750492
-0.101980066512969
-1.53286464857968
0.476258861533651
1.33820299303975
0.237090599719541
-0.510779732332753
-1.19364899970999
-0.782189325623388
-0.967707934521071
1.17895065484552
-0.423063822891395
1.29206876334226
-0.635957918196618
-0.935271452503221
-0.24418530123031
-0.115129666516243
0.0236077310731144
-0.605572756040884
-0.518418510898726
0.793874222828083
0.536851245434377
-0.625913455063559
-1.1122179671966
2.30746830384855
-0.626964268300726
0.735648767537252
1.59026169942859
0.0630127431993988
-0.709879329970243
0.728664125502327
-1.36768232329931
-0.310905534923753
-0.182634580368673
1.84534621914864
0.728317716572251
-0.568236119381644
0.076176164264441
1.10503038442941
-0.458702432397494
0.394499812479891
-0.950751381787323
0.690309674906048
-1.58408508308421
2.20012547221763
0.818856150103985
-0.0756278396268802
0.281211529280795
-1.3585075668971
-0.767093631820511
0.535221510019747
-1.48663350111862
-1.1606217415408
0.535851775313679
0.493746148153043
-0.631465653842043
1.29307480240341
2.39289517092771
-0.836337531766262
0.272763476168741
-1.28423145314248
-1.11348492833645
-0.19957611455672
0.701395415800021
0.847724421727824
0.228855520255045
-0.167842645244595
-0.630580525781408
0.184508168378111
0.602398912842821
0.830860839447227
0.647186296763495
1.60375456074282
-0.90000865336232
0.330382954931574
-0.428890550453378
1.00151371336168
-0.690520721288093
0.399934137443095
-0.423049108276728
-0.526061993895207
0.971376192828045
0.153901358700884
-0.903282882669507
-0.0446167431432784
0.0789878426889465
-0.221824916123363
-0.362461935763903
-0.487803443907489
0.410025532101694
0.389019378476921
1.11240203128284
-1.66417656595448
0.322132273880374
-0.620192860644725
-0.966710164071095
1.28123703621642
0.702201704490599
-0.0340340643122705
0.133943241275143
-0.652162430818883
0.247484852681689
0.980203421715679
-0.276171391074626
1.16508542144918
-0.768640619235658
0.462307108449536
-1.45311229287943
0.828391431597579
0.663883187945469
-1.59841479237925
0.669082473108846
0.545295178102144
-0.36627914697478
0.368613321620873
1.37917139269918
-0.41044374652408
-0.0508900026980541
-0.283214140731454
-0.0662933762200216
0.156018965773896
0.210617996430632
-0.626750782587137
-0.657767025863659
-0.762528769025001
-0.534839652914693
1.16461644323113
0.541483258349375
-0.303366271413634
-0.173574575367365
-1.14246261951492
-0.242056490512137
-0.281643723463561
0.334158412651516
0.0973137431595864
-0.140824345566644
2.49361807622718
-1.14745694803839
-0.443050142781451
0.722647436089796
-1.04039072262314
0.784217970610233
1.24706013438398
0.326030319664564
0.207742200690848
-0.129065449272295
-0.394581371804289
0.451823618496431
0.728198299474904
-0.10272820274492
0.869863841662819
0.491677653828187
0.163694346166846
-0.560166637406193
1.8135768994891
-1.85658018040218
-0.939276340727612
-0.493761461886213
-0.138174201806663
1.11286942927964
-0.372687361460824
-0.836913931445751
-0.481980038324698
1.6689436802761
0.0199129999468257
-0.228148322842777
0.241290901702441
0.332706523612355
0.704770257981539
0.205891823236517
1.57425528758187
0.812103497522831
2.23138547340748
-0.260655886448225
1.67525233284709
-1.73342145721381
-1.05077206479564
0.825736223851588
-1.12578782762518
0.173057554083032
-0.313062957232373
-0.0769858753929809
-0.162432055864598
-0.650604294748854
-0.503577336765753
-0.407692811059348
-1.45728333729039
0.477207140363062
-0.0729373868834082
-0.54463016789454
-0.176407774976444
-1.42630942032128
1.02750275662628
0.565321281827027
-0.283052618286162
-1.22396638604749
-0.131689446337181
1.21626398659598
-0.364073100892699
-0.121148897682084
0.0132350611594545
0.691694429063176
-1.36373251200999
0.413060932207127
1.27788499162973
-1.39591856981899
-0.266570495961167
-0.13057542276932
-0.222565743414177
0.488370954494016
0.797986604519621
0.293574299651346
0.576652678606689
-0.524443428411883
0.286120816062299
1.09702775271902
-0.577148630864252
-0.119305504574782
-1.07546566683309
0.410467266279882
0.271780916469165
-1.6242610746301
-0.561649338482055
0.0526099681606114
0.528942345735776
1.32596374193397
-0.567738184205558
1.13820191983635
-0.676263601891313
-0.0373557102511937
-0.427217389903282
-0.103305841298088
-0.791992623810797
-0.741167046280962
1.89415273823126
-0.182480345920242
-0.350644003146081
-2.19094292948973
-1.20641497989683
-2.07439181751733
1.46565445507108
0.853648718399799
-0.567618483017095
-0.0469467097807552
1.71296738852346
0.211953135250666
0.13357554475824
-0.130548047322414
0.91758070609934
0.897344583605636
-0.072716858447199
-0.424516702699896
0.218514402044418
0.518237706452226
2.07742264065894
0.158136377281664
-1.83534118207465
0.403688451233957
-0.632130042509856
-0.778524260543124
0.291187823077541
-0.91199645273901
-0.225349607984928
-0.526519894390191
-0.642458993923555
1.71672604840683
1.32345424710561
0.102048617528388
-2.04522831163059
0.104667169439742
0.541278531978641
-0.525286545234473
0.188035475492025
-0.915701843879364
-1.1482837217695
0.165171310926837
1.32574803341633
-0.218176042178536
0.0781175904240948
-1.10273794485277
1.58395575880616
-0.486160267720359
1.25125422236277
0.372095688815168
-0.680127551751189
-0.00563791890345103
1.77820316304361
0.975888742324914
-0.178228022666492
0.141942314971162
-0.688901164604377
-1.27283065556121
-0.582511784312502
1.24678308659046
0.411450624878728
0.806893887002293
-0.361649016866398
-0.642394071654538
-0.942164979089605
-0.71779586783423
0.571388588929983
-0.558033971964479
-1.01867766514162
-0.675630136084758
0.298155232747739
2.35542543543814
-0.552614932173867
-0.556142977495844
-0.305359932878905
0.345484438134683
0.277455811154719
-1.20545738085911
2.59200363009101
1.01403755790801
0.312642209678011
0.907557988474816
-0.852567192838073
0.849920922426765
-1.05870507602979
-0.147894758793584
-0.293571396244166
1.19741166801341
-0.14877415710667
-0.0464819648365039
0.960769445466116
-1.17917301055724
0.79848280496526
0.05882702977412
1.67412823468652
1.42699667829939
-0.115981682800317
-0.601767313100263
-0.114115414795369
0.049238927660816
-1.44409180976887
0.961695659485447
-0.793772911555606
-0.128910109030257
-0.599314280988082
0.0314755906079925
-0.440271009647082
-0.738676666237681
-1.63836963424595
0.255584727433431
-1.38965458526208
1.16195582776499
-0.228146345913542
-0.654123739567867
-0.773419935770594
0.576799541980643
0.699687484865618
0.573592359954587
-1.15948150663553
-0.557425780800208
-1.25699097600329
0.380448546337706
-1.18792902332899
0.635626408629372
0.253253394206148
-0.384153012687335
0.215924085267974
-0.530212577188901
-0.326479076667299
0.135361094827482
0.959615329486244
1.34319700473393
0.81429596669689
0.531164212133266
0.378268902213278
-0.123516159174234
2.23138674353808
0.285162236653599
-1.05178693849739
-0.673130939663503
1.71014035133822
-2.33351019871869
0.137139552257242
-1.29950078956986
1.70411696044334
-0.518959281364228
-0.917484202925306
1.55815028786074
-0.601647082562133
-0.879469560386352
0.0109877800851639
0.493872342206147
0.17419863092201
0.569878870537402
-0.798214785081896
1.54940019847784
-1.83250789456366
-1.07477313859557
0.71807010131866
-0.0661427184666729
1.97098264836112
2.00484960344734
2.3979209807028
0.195225376369517
-0.931155417683148
1.73952897557557
0.604359631257158
0.0222050157562205
-0.392752613587452
0.281309833231036
-1.45319470556396
0.105396665496565
-0.047090861719304
1.85262928028747
-0.458291192337928
-1.10230501747506
-0.0115194012809209
-0.553108431243241
-0.296727033058564
-1.91849010809183
-0.217770424640003
-0.0598517375313949
0.998750245845747
0.592823184196158
2.32710984316635
1.02394085379003
1.17409993452562
0.383926592713435
-1.5729009532563
0.664839952872878
0.0235916890759026
1.36450152547006
0.34946466422432
-0.325928098542171
-0.340594498732758
-0.0961364931083588
-0.876063757494394
-3.35772480495635
-0.712002717347999
-0.742362150135351
0.360019200668969
0.64463174024986
1.39572816160907
-0.118677739969221
1.01812801879368
0.8953491794158
0.537187717464523
1.1984917095053
-0.14606506565717
0.62632707097213
-0.891243845737801
-1.61102563033793
-0.581027643050812
-1.02983546186307
-0.807551110004272
-0.16270516119412
1.04308990056184
0.636658151735331
0.325014896067287
-0.618084257907364
0.2265594450882
-0.827581854944813
-0.230150784982836
0.309497510984698
0.925139136947398
0.809507255301659
0.0270362191702127
-0.571742720964832
-1.68828506276463
-1.07561956103573
-0.396138666830595
0.00690483100035026
0.129844941718834
1.68463029634185
-0.486078063748377
1.22775163675384
-1.85451711219045
2.42876569439046
0.264023323350431
1.88827949277404
0.763180843894164
0.899666821412516
0.85314032032951
-0.185935795513968
0.218419551822243
1.23320117213895
0.351043034466299
-0.989830062430209
0.0848896811888582
-0.802835953202619
0.193654121795118
0.22339503194174
0.200229105394067
-0.385583849349843
0.82064298563335
-0.0339428351701423
-1.74897099642322
-1.81586789235035
0.771879621885802
-0.0773853890697156
-0.259328618955817
0.833947114416354
1.56627941937255
0.556323200524515
-0.219169020043778
-0.157547978054457
-0.534699284833029
0.202909331888865
0.920485178169027
-0.301788247656003
1.23808725352475
0.0342317197581992
1.55133477841809
-0.0142132534887477
-1.25562639455409
0.645325719369167
-1.55007085432229
0.0702220203658488
-1.27645682234234
-1.37516707894253
2.42194037717897
-0.0932793268457524
1.00090705648251
-0.0741499437460166
1.0297318894903
0.122769961262021
1.02945882693718
-1.35357895791135
-0.177291412820548
0.0883882605376885
-1.06888011089698
0.443976421224049
-1.62135586352839
1.31116133997045
0.237892180570759
0.329153193930997
-1.32283478787341
0.941934035169905
0.623212342454398
-0.241582813411703
1.63087507003551
-0.31569168542338
0.755922208177872
1.02659133526865
2.09301490680519
0.0911878193160373
0.0227086885605002
-0.0705338471270609
-1.04603181278538
0.970005115661973
0.177840997734142
0.0414183182844686
-0.235696779494386
0.911043567741969
0.528377276983268
-2.75470244148869
0.477067269337355
-0.164906103962788
-0.356636021885014
-1.08742040545767
-1.30699827279216
1.10694227792602
0.830114648090363
0.0362348591060638
-0.297388227211592
1.41284139048302
0.595638982493039
1.18779035684969
-0.315386401062297
-0.211146332242175
0.401943359890474
0.0609651728767202
-0.0861313902215415
-0.417133978350597
0.504768500889394
-0.290247088005127
0.378711008020729
0.220417183212802
-0.24635621975709
-0.360389281663723
0.141117666550332
1.88221390384908
1.61891522490881
2.13605078045296
-1.11655348793902
-2.58846830585277
-0.561387490763475
-1.42138981586395
0.486066631662224
-0.016944236798248
-0.433818489095867
-0.0960182644699129
0.439085140888988
0.649110294748763
-0.00584178692789696
-0.713902950752607
-0.108164656212317
-0.228254556283984
0.0239190335576107
0.189343049842231
-0.822493200683813
-1.62968200683676
-0.178243464466754
-0.19510348984903
2.07799430014464
-1.66835105553325
-0.100102760180231
-0.860765378588924
1.53541011621238
0.399873225776003
-0.929391010634593
-0.311897658280858
-1.11942853405103
-0.745695386649882
-0.714667252103198
-1.07691343621199
0.791322900105984
-0.588582740156264
1.21232538362493
0.691313842535011
-0.282907319779356
-0.43706299009332
-1.07971590126982
-1.33086102541716
-1.05801829386645
1.06977667023279
-0.268613498878801
1.13792882052822
-0.175777069298402
0.334323928770372
0.0921359443751657
-0.167943288117114
-0.910133212958747
-0.921194937096118
1.05350199342053
-1.08272665035063
0.320041462224727
-0.221442072918392
0.129023310548706
0.387242997590196
-0.853253096599833
-0.901345437097999
1.42511711673438
1.06036382505433
-2.18618991686646
-0.95206026186539
-0.511290920047706
-2.02453810299861
0.889892749117138
1.1405838616116
-0.615078424002218
-0.261923121449144
-2.05367014194485
1.64259460017328
0.90017574970408
-1.31030560392764
1.68058340107547
0.92447185042688
1.10864563349143
-1.28040721884875
0.377082486325849
0.373760650054608
0.335561708036011
-0.766482114095933
-0.748592085307897
-0.152355812006214
1.2711275358642
-0.0513765780509094
0.307557142594247
1.2673491230208
1.44240665885503
0.602350914134511
0.491125246767049
1.67257758387579
-0.75941254282135
-1.34567767675574
-0.586566478534488
0.721352705167093
-0.171686631216998
0.428451445383418
1.05138229659486
-1.23620291404394
-0.495467656862977
-1.07535657121094
-1.74948372687469
-1.02197397081717
-0.411858984872813
-0.0740947906158756
0.218146212992252
-1.21471788543881
-0.231859881382705
0.734384268466192
-0.411542234553757
-0.0187557145149346
1.28604188769051
-0.212947246094682
-1.12957389229652
0.098835113265691
0.704540744411311
2.20278818499757
0.814428004921835
1.18774564194794
1.38637916288429
0.649777933091819
1.50741274472212
-0.163194642976469
0.237004431655834
-0.674864493787017
0.327302104755627
-0.311611207659114
0.649837751974399
-0.950768387533346
-0.0207751448342782
0.599658700776943
0.385281838857916
0.352941644319767
1.02406527111835
1.37118514883875
-0.425457086313622
-0.30676850739436
1.0596260539261
0.409489952042115
-1.09641403294016
-0.191692204849208
-0.00151806333493119
1.17356436037851
0.735842543741092
0.158141068167557
0.593652451842882
-1.00717607920258
0.512553775291236
1.74915496761214
0.174485805234264
-0.471970551687198
2.12595887918497
-0.832750029794285
1.14925355594252
-1.24684634516245
0.949345219072905
-0.938140478699281
-1.00797376556754
-0.994209047129263
-2.03866446186401
0.721576257763109
1.03503588742059
0.3986541834812
0.971309112609987
0.183628229274229
1.66139725905032
0.608779403479882
-0.55173138219374
-1.1976177989142
-0.56123838009713
-0.10757660231226
-0.41259725091562
0.912290553452548
0.234000106578103
-0.842520992611649
0.843790354492196
1.11926899645514
1.48000139855743
0.282808141714986
0.456322910432091
-0.0880250324264962
1.35710000632606
-0.161340180879281
0.209653513896748
0.243900578873739
-1.04269095209994
-0.183948398620008
0.179266746160588
-0.668646764994632
-1.00438650086313
0.136780947200864
0.833604508728087
-0.95193416778452
1.23037122363484
0.566149744039523
-0.343402111994137
-0.431638339374506
-0.225829324926135
-0.509659291252805
-0.508687912739858
0.770458541567806
-1.19003481717937
-0.957731560270025
-1.36599990045999
-2.77515782589579
-2.19682636463027
0.44616024836766
-0.94573673614992
0.442891098113317
1.82733220436897
1.01422541538369
0.0415909460763897
-1.43626305638799
-2.44915038204242
0.843353930269794
0.483508838594462
-1.02168588296414
-0.301170767094749
0.0703512960289909
0.0706625677171148
-0.0316143586224739
-0.259223049805361
-1.10377335509724
-2.1366926705876
-0.404056848366094
-2.21414430734477
0.529143418416403
-0.171880262215897
1.67151905628029
1.72765102118882
-0.26414528088925
1.44601616020188
-2.56482104877248
1.5430575137545
-0.504795475928999
0.00956590908040757
-0.881892596925472
1.17565746703718
1.51867743560234
-0.866355061199612
0.695245534006977
-0.602663568531101
-1.30730129795716
1.13299879737396
1.01496168179849
0.683550078822139
0.00849999376508359
0.485558567033291
1.31458798870699
-0.0946008097266501
0.065778176263691
0.0863668470558841
-1.28863490891513
1.14874499428919
0.974373130404642
0.328501634730439
1.91164896796332
1.77464625221938
-1.02831893192046
0.552070533214889
-0.0421968346844172
-0.705934971870177
1.64854404583614
-0.794697511544143
-0.645275006800513
1.62101297694531
1.10199761323031
-1.41466944610356
0.81083386500536
-0.125202996655577
-0.652253716057984
0.91612500016588
0.700627340753591
0.378596533817351
0.562247130771957
-1.17043766629504
0.226921233002645
-0.150215166587966
0.294351221031393
1.47925177527163
-0.205460634230189
1.86012295969942
-0.961615827214185
0.0292736259040032
-0.234444250784424
-1.23464077818174
0.633130492619491
1.0203876060071
-0.330641667536097
0.375147272934477
0.347017064310013
-2.20749462143065
1.1879250052268
0.191529643754991
0.675146584850571
0.980003673162705
1.34357908266281
-0.59896932287576
0.217261960897458
1.26925924895058
-1.23299122553657
-0.547725666541514
-0.0136640691972185
-1.36805871239572
1.68880515313423
-0.862774861931191
0.10496540032216
1.16471867459579
0.771845858475219
-0.750776712508746
-0.600626985408532
-0.400022944335427
0.114026866072567
-1.21502646059073
0.0694796452606776
-1.92829432218219
0.219767441536539
-1.22313687934478
0.67038198948359
-0.254756083883411
-0.207665162561157
0.296492871165691
0.378691460912883
0.0561505288000354
-1.39730554191698
-1.70138503204162
-1.38400303247971
0.551679005017642
0.419432215160803
-0.279255140947152
-1.1129372184161
0.112988743144751
-1.08997248317035
0.804462875858041
0.0990111125367341
0.473218227828143
-0.340594120383428
0.504529171672181
0.975102681200432
0.674936437569069
-0.376431795408137
-1.23051592980131
0.0727193302324139
-0.089164636181177
0.680130493625587
1.07389925342343
-0.333313492493275
0.241749488252649
1.76348878585803
0.333028959697958
1.67023422254754
-1.36690800808129
-1.31455987017596
1.30704384625242
-1.30254656516183
-0.848623129237864
-2.1197321659119
0.154900327442908
0.554035568298838
2.36972114324676
-0.409741588367861
0.875640160091408
-0.525368027535921
-0.259916632617678
-0.0301796053863517
0.148258404518873
2.20784316968164
-0.580509676352323
-1.06967369623936
0.253574329788397
0.128648264499803
0.348137312985972
-2.38719212235299
-1.01848804084702
0.42787768968478
-0.966541327664228
-0.51517199636427
0.691980773404429
0.171729739940091
-0.948132976395269
0.421965698877769
-0.575134217006745
-0.398204958840407
-0.577679954559021
-0.782776303879406
0.491869046270027
-0.0504194688988673
1.24220505549163
-0.0116490961979576
-1.50609463853413
-0.930928165975301
-1.08051301846448
-1.08441147363112
-0.808746605821688
-0.806129696260841
-0.238921820061348
-0.547088502939696
0.575819594216368
-0.631969115265273
-1.1785062758309
0.23969689766078
0.70384676672078
0.290431658648052
-0.122794708579102
0.726775736348268
-0.410781427130582
1.54943972923829
-0.397133849857545
-0.289540039536652
0.290075165620452
-0.21752900571038
0.361967491802503
-0.440435159765109
-1.32980509218986
-0.380211417928357
-0.0829645005650441
0.520471312914004
0.608398533581042
0.630786033911889
2.42444992048639
-1.77820392416981
-1.06497841274841
-1.06138214908703
0.0452046672402127
1.56375055187387
-1.57188329701766
-1.29710124872147
0.977820352021055
0.383774382585034
-0.236397000990794
-0.661874486822962
0.621577211476729
-0.752705205673102
0.250435754754496
0.320914622890749
-1.21254132377267
1.78890896123284
0.80636397636611
-0.0267401026483717
-3.88166291219259
-1.07054027886288
3.26404907516352
0.397561448557023
-1.16335473317581
-0.0526667884236275
0.279358737590374
-0.314330345058647
-1.10190248358749
-1.27716591665542
0.472145577840787
0.143149860090018
-1.45263478713501
-0.258754369013264
0.350200427413151
-0.463176165660541
0.416009144484708
-1.72486888255237
0.995611924903171
-0.187385451506991
0.14616776615993
0.377131601718691
-0.625664507027333
0.561778558299387
0.540837365667215
-0.508747183443735
0.0813393504142864
0.872435703051229
-0.993539915647006
-0.160481733553637
-1.41818166036148
-1.66245450854336
-0.0199026397915863
-0.178991205173723
0.282928183715021
0.12345515623928
-0.513946749085618
0.478839557700892
0.967290200559604
0.584533252955577
-0.36839538040173
-0.702587437508452
1.24720900513234
-0.589266897709624
0.134069537323504
-1.35970007003841
0.740952301363098
0.708371650753813
-1.90204040835318
-1.07621467761098
0.107065870717942
-0.785116991614143
0.87414715980822
0.716791827034314
0.270923270555039
0.50718237063333
-0.601706357773627
-0.146537001977351
-0.0724738548832245
0.600810938545414
2.21193622466875
-0.970361002019326
1.18556481688778
0.118315354831661
-0.652115112351026
1.0518547103383
-0.740098805244436
0.266982865065029
0.00728813009377727
-0.322076587749399
0.0955261056126931
0.873493961598694
2.19354939774795
0.594175003905653
2.34245867048061
0.0608621203894603
-2.2668315850268
1.71313870863436
-1.47319580941446
-0.772768262664697
-0.0186613668058491
1.04145594583075
2.24744034050122
0.182440724604031
0.053607663623377
-0.19342082939954
0.525897045067336
0.297785945554753
-0.99566283498281
0.274803338242097
-1.40878431628826
0.649842975490842
-0.284530694096144
0.54581903167351
-0.72191930841702
0.172495985566207
-1.20144539832913
2.21833725798988
0.311596575909865
0.501766294418478
0.0923437132255387
-0.755948051116737
2.15765018959141
-0.265095206094258
0.991619224792959
0.410308300469066
-1.19955638577378
0.403245193590404
-0.151941721744248
0.696838899332302
-0.187990350563114
0.023383461667205
1.4938096666964
0.83036776565869
0.319617218346921
0.838075902338805
-0.570397458532614
0.783867446429898
-0.0728298026343248
0.279261220653603
0.505845519548953
0.487494437980526
1.0780649356043
-0.780687163841013
-1.55222640785873
-0.0880633542252946
0.225790612040806
0.768186038980518
-0.116321779585564
-0.456185369363882
-1.33851748378792
-0.383289338487612
-0.311932856265393
-1.85956684016831
-0.975675105902791
-1.61479529775552
-0.869927133040199
-0.15758306631305
-0.154833069359658
0.401090013339016
-1.87531967138068
-0.38625714494968
-0.706198381872036
-0.565969991387204
0.350980205820791
0.389386396020234
-0.869485309507819
-0.0542841301891777
-0.502304456120839
0.22550386783888
0.974146757739731
-0.970138330506105
1.39844592754403
-1.84128836240823
0.969707448101696
0.903263638616679
0.783460514026914
-0.795415658741961
0.0608217437873123
-0.610079428222001
-1.44643394106224
-0.433289085400817
1.35438939341915
-1.56318983628307
-1.49495074062861
-0.137868795147691
-0.138705643429147
1.57196563030131
-0.200703346775051
-0.781562147440394
-1.51396212581758
0.272259654425301
0.372541043573437
-0.384627570912764
1.20677491272467
-0.0762586424617481
-0.634389509452858
1.73196889457376
0.148981190465187
1.15776635255892
-0.746706566701916
-0.842932882570093
0.19163069786139
1.62115820146931
0.00377066159080977
-2.41262090652899
-0.329336045501717
0.273127921293301
-1.59799483378378
2.43020750742482
-1.10008749592475
-1.46286132128353
2.17240809385166
-0.182671752730598
2.43143308793489
-0.52027221171526
-3.1976486829107
-1.31796215631769
0.234524757071966
0.291192183556645
0.412659307385508
1.23315525323926
-0.341054007180395
0.132754064339945
-0.0406431783078937
-0.363311795018959
-0.433116454631847
0.682606257166335
-0.275872074668639
-0.634921322514324
1.73859577444574
0.3553027714347
-0.718066425769551
-0.395293145752077
0.323810721043055
0.288701037634041
0.880163141461745
-1.20541449575514
0.976834879692009
-0.561376253061927
-0.105747047643257
-1.58371065624399
-1.65028465173473
-0.0850464507255672
1.25864930955233
-0.250090867911199
-0.0134287368772515
-0.368884366135281
0.576346296564299
-0.49651398094688
0.776777856445163
0.0136625677778173
1.84094433745336
0.31202131621059
0.184046009961766
-0.0182971985173945
-1.36287622528953
0.16084327859442
0.379686626116044
-1.18645789427405
-0.406181061383074
1.28285836732053
1.0927013127005
-0.340686935426629
1.22224426513024
0.333736163280633
0.460454427731783
-2.28893567730552
1.20100439074879
-0.54228252426252
0.748305509000837
0.674028536563452
-0.810734378230553
1.57443298919346
-0.380864681709329
-1.73270705586724
-1.22156490737638
0.0711157829649489
0.901880954792115
1.10857925858641
2.60502059216585
-0.334229280390563
-0.583708126476099
1.36969331205006
0.675587360072401
-1.13848801818189
-0.97752382120594
-1.86194064199052
0.0537366693298844
-0.779990915541649
2.1302664281814
-1.42375550823454
-1.37365705627585
0.400824094639191
0.0576581999972901
-0.0249027586602546
0.243842780579336
0.0391576926330527
1.2426516078058
-0.374287215878464
1.97158045752059
3.1972128917892
0.720346408295224
2.03695698604127
1.1011536407189
-0.532604371812306
-0.00329922078437808
0.72887330427252
0.28191767552619
0.263787025980284
-2.50222143692996
0.69475526835116
-1.05420656342626
0.817249240050185
-1.93784735207881
1.0513112251937
1.37457156966488
-0.180876563085566
-0.486649363997985
-1.57860905797135
-0.122113513305952
0.616292651177898
0.543562935051175
1.84242442238325
1.88506554301352
1.24263102851469
-1.46265103735304
-0.479085597014139
-0.167461905921005
-2.08772528720601
-1.3309456319507
0.941360376978717
-0.472421405599445
0.65114230157023
-0.220332222081788
1.36823921837155
0.212885056507294
-1.93919988653988
-1.0952138803032
-0.568635929210031
2.96978336861726
-1.55466353089727
0.494253347566534
-0.17026654633654
1.73848258908457
0.511905635911055
-0.959758670818077
-0.260313552354184
-0.542994560549329
0.311810362926496
0.148489257141333
1.40308218147661
1.55151261089796
0.105061572166114
0.23122694453051
-0.514622360935309
1.47501187253427
1.46743441309509
0.725243345863843
-0.0816096192989732
0.798703454162906
2.39518591085955
-0.56683150927972
1.171205288045
1.89271216081532
0.232451047012687
-1.56784045012939
0.741019676985165
-1.19835842364255
-1.52130267707774
1.51130670718073
-1.72917358097204
0.43524745887279
0.0569586537750773
-0.109748049670098
0.809812295477768
1.62256656477071
-0.371111731432223
-1.16580252972494
-0.887790187989545
-0.0265700480580466
1.35246473950481
0.316861202512091
0.117438085749356
-0.604154440122231
2.07241635834731
-0.0595390470916465
-1.59826403095486
-2.03735583737134
0.15047935698038
0.372065990663875
0.332668798331289
-1.16550912423713
-2.95296610037848
-1.23790827663235
0.694261811732418
-0.926467284648505
0.311143764452417
1.05888290132429
0.200738710252946
1.65620410960517
0.101155238357388
-1.19329990940139
-2.44229453193696
0.0796577742776528
0.778349865046236
0.522424063855278
0.252614287297666
-0.421552484235986
-0.812164471926845
-1.17562178026014
0.517303428574407
-0.669520205942663
2.84370303337667
1.26792541717924
-1.13955622268722
-1.30798570555831
-0.412561713473471
0.655626502512797
1.11408843839495
0.0505384974520483
-0.262957596857737
0.333340225547465
2.20432272353949
1.50663164160894
-1.11448456807675
0.927023296135106
-0.706929125437114
1.33056234301036
-0.499811736915941
0.24503391892628
0.0587463170800579
1.62248191351854
0.130536063056783
-0.343465519518424
0.793793668528073
0.767010408124596
-0.675057958803407
1.15225373161023
-0.109578042860547
-0.225795149519771
0.191630840142345
-1.43018666596335
-1.78892128632737
0.115400817079686
-0.0499997416792946
-0.553842860383564
1.58047705779933
0.0307696521502477
0.00631751040099711
0.271710359967031
0.316350194042538
-0.00578186818081071
0.18023356910248
1.49020257221669
1.93421214727546
-0.720326717009905
-0.367629145616394
1.08611232890535
0.191037453442472
-1.12692184678443
0.083532048830558
0.751808754619444
-1.62957598088525
-1.87771698157654
0.216612251118082
-0.310367664897247
-1.33815707179188
-0.713629314013792
0.742712566513947
0.595532451029669
-0.85377727190746
0.408193377880819
0.603300485718376
-0.082339064520754
-0.244552301478904
-0.137796427119816
0.64391851214554
0.108110133585768
1.35836704306364
0.137128100408647
1.334465833473
0.156538285465713
0.555962368291323
0.592110325963919
-0.779065077458352
0.534081858772918
1.60611813903869
-1.08311932990998
-0.799132495488861
-1.3401950718929
-0.277167025723512
0.38636561912277
-1.25500445899682
-0.454334518827175
0.313648672868832
-0.65362391806381
-0.289448318678491
-0.546312786495205
-0.606998498878229
-1.20471457367285
0.987061084390874
-1.84086555578621
0.398565514877694
-0.182193049807282
0.619603015464071
0.917679378090901
0.317313432191376
0.0472065513680964
0.955088791977811
0.121607182261872
-0.195152481503103
0.542399789604974
-0.318339957231349
-0.607474162749155
-0.056301570708612
-0.441299427681566
1.22682425776899
1.2930224362879
-1.84205131359949
-0.566119571618202
1.42745559127175
0.751776828615113
-0.898629444602991
0.456848483320885
-1.76115830796121
-1.01783186548878
0.602702761042416
-0.935592691108315
1.20534416440774
-0.582575512941222
0.058723259156793
-0.00974472713935213
0.395972631512164
-1.54289265305229
-0.552577136630951
-0.134479702235826
-1.11135703186161
0.0915691061279358
1.07714028548882
-1.63169816462135
0.234797991437755
0.37508886332903
-0.0987840791016224
0.801707214964554
-0.433322655710256
-0.211698872639162
-0.00339224913688737
0.772462969691308
-0.208757835850006
1.97620108240432
-0.644623047073823
0.409751038432918
-2.66077606407349
0.104740501185122
-1.07659686397677
-1.05020460258196
1.32940181987815
-0.203368886764014
1.03821294232525
-0.454310792669122
1.32703338787564
-0.193258454135066
0.59508526221736
0.352266518822915
1.56169473047236
-1.43893782283125
0.506149067551933
-1.2748504186627
0.63996292479515
0.456436396695628
-0.761173713851307
-1.11758290581966
1.17368774135963
0.530515435973385
-0.865025914225102
2.69676403328553
0.656176107029823
-0.294775599934472
-1.18609624670084
0.305715064963009
0.36822481628623
0.325062349464857
1.22825502795429
0.555350930554371
0.688868790437796
-0.501841787126396
-0.0884357732974429
-2.478283816922
-0.86414979095969
0.2263837910561
0.602286477993641
0.694516500089306
-3.09008320098499
2.01644363926456
-0.833140447495782
-1.84626886111734
-0.539430841103164
-0.0464822896988527
1.06984174380563
-0.184569734957013
0.377813170514114
1.4589536424688
1.56075677486573
-2.35239963171813
0.329207660770222
0.866916185880795
-0.739624647167089
-0.232244662817768
0.1598334179755
0.884255633472287
0.100625890166751
-0.917732392819651
-0.61434639789194
-1.07322789518064
0.784629871862967
-1.31736810707798
-0.36051346635091
-1.4125624488409
0.694464393193644
-0.0155564729931616
-0.230730664638338
0.406084552721708
0.440038018872954
-1.1006270000123
2.40815170406567
0.529228702571636
0.873354721684668
1.1866634558411
0.156088053096154
-0.0610134868084288
-1.16391265642232
-1.29234415007045
-0.79542024716299
0.278242205655001
-0.682477290649929
0.686911744384334
0.746832909996323
0.438320312832281
0.792714913398957
1.22078018472596
-0.326761074125677
0.128478812059706
-1.0357783760223
-1.21835992343236
-0.907252324816031
0.0990514528278717
-1.0971973386639
-0.399845970107163
0.137427632654721
1.65546871242803
2.84568864837523
-0.514050421105007
1.1657441675148
1.03979908046047
-0.197797119996578
0.462188026430509
1.80552053428058
0.716010702826496
-1.5437158842493
-0.785504339124751
0.318821236997542
-1.96847129794769
-1.83198034381612
-0.0695919564622406
0.086179319990002
1.57953188132834
0.0491383850092352
0.844610365664978
1.19023413679989
2.42466529552348
-0.113934123900219
-0.176487219974156
-0.0296788797168224
0.264435287117841
-0.665964112092978
-1.10927517833072
0.921959862615665
-1.19638568764479
0.878904767608169
0.391291982995432
0.413780914800708
0.7800273985548
1.07460158278104
-0.495868812004645
-0.434869069440223
-1.30466557519606
-2.28060891701926
-1.64532698379504
1.08729514060002
0.0392421647855456
-1.52261828765427
1.43419376832394
0.339396149978281
0.179097069795914
-0.999991148243741
0.352865118885843
-0.623597059755494
0.630453442307414
-1.77075182926308
0.75010512316613
-0.580576625212024
2.14728262700403
0.805988967472199
0.560203071843255
0.734698765127189
0.294833387942933
-0.804591182959705
0.596581818134308
0.758452845839139
0.729050065683477
-1.14548156125757
0.819568356510517
0.0726530989121437
0.823192087257371
-0.973884181131628
-0.486678307912492
0.420716090249055
-0.430051033300286
0.237758878725774
-0.0390466179602889
-1.24415101815069
0.151911345719628
-0.259486516255584
1.09522325266244
-1.52815636852802
-0.349274754036358
-0.473325265438618
-1.35951104559404
-0.693313507497917
-0.573400562388977
0.700568625422939
-1.18260229836847
1.34928085339725
-1.53636087745566
-1.64731651101521
1.63706497898956
-0.50297685173666
0.495820015650166
0.647979415977286
-0.0169434731467434
-0.184490717410673
1.09863023445745
1.56148377472848
-0.0213398226663255
-1.02657118810317
-0.466506956625086
-1.04546792151133
-0.495173878258715
0.114167118971598
-0.806722982435416
-1.70126401405916
-0.296164469481216
-1.24225171122995
0.521458504274068
1.02719925495401
1.34973528132933
-0.859857520489845
0.317766915136097
-0.541614246257503
-0.236114227271847
0.127002538129899
0.487614723314839
-0.501010083622064
0.0651290811875126
-0.334145740008716
