-0.158196460646824
-0.701235295935134
0.0960841874553351
0.159558336407982
-0.974041598708115
-1.52409988814192
1.70421975378335
0.378546754268524
-2.13576521897555
0.771648119928235
0.552102149066002
-0.383813483300779
-0.0762897897495156
-0.119512844735788
-0.15992821195878
-0.677728306434333
-0.93913623563659
-0.249529130795704
-0.600688632901455
-0.852990883209419
-0.331266157589944
0.156717303266207
0.911776199593845
0.130878337027165
-0.0818772636528055
0.774384188858336
0.527835310749935
1.17947524786536
1.38615736887568
1.54369509355175
-1.04367849286017
-1.74212100400693
-0.15619511154627
1.29561784465098
1.70655857181509
1.21855311461858
-0.140102386998033
-0.838154400805681
0.929975616019773
-0.255180986496386
0.103372698545742
-0.719116708834183
0.898001670693797
1.24004455848656
-0.0558583687375825
1.34116554174663
1.16657383115508
-0.185179077597143
1.16774469770895
-0.895030027019573
1.0924576361315
0.712688383751403
1.10318528261859
-0.568849525898979
1.49501770776697
0.167773370406767
0.509624924146624
0.0166260989908376
1.31238139004422
0.511908414261952
-0.508560761280444
0.57214458354608
0.397222521744117
0.800367744213044
-1.47784269064832
-0.536300530712358
-1.32150894789628
-0.576766494459113
-0.325019306484325
1.53522477382532
-1.11041553079884
0.924110022246981
-0.140942555533184
0.284460557047591
-0.606057673237773
2.18151452734509
-0.826634111594614
1.7097930541061
0.301971889916739
-0.750713574487581
-1.50247017977042
-1.41692017140709
-0.989344281094967
1.68442027869854
0.533209233809587
1.64301596024786
0.418052115137576
0.242893917223571
-1.12525965920751
-0.0735489244695541
1.0734933411947
-0.114876099676816
-0.327161740969981
0.0975424137257231
-0.393524310094285
0.0218705021139582
1.3032452782073
0.497038651016176
0.644416022962129
0.0755872563357602
0.143423114914545
1.42478210411143
-0.0543278592785305
-0.546672319953066
0.650161992400668
0.958038135142215
-0.0503605222292571
-0.304153561799695
-0.931705921738386
0.366500463526956
-2.17404056597918
0.572973302995738
0.974877700516214
-1.03668518959652
-0.173389362480365
0.790694317773221
-0.454781760453067
0.413634236895338
-1.3464274726676
0.718622958016371
0.570484520433469
-0.820297827939914
-0.392809640898388
0.511923561143743
-0.126661719913854
0.434408451559363
-0.524927295746424
1.49757308035997
-0.978758761532066
-0.422420567857809
0.531841042760675
0.927067404303498
0.476987868201306
0.382672699326929
0.363665227199902
-0.0314659187884335
0.318235723366277
0.852987078840133
-0.272775387768367
-0.0966232365479797
0.963703445051354
-0.863585346130673
-0.79359997797807
0.16342333024297
1.68644921958355
1.31815053411799
-0.0838666984544497
0.431021914716604
-0.558682594463309
-0.979571863379275
-0.774422194122894
-0.83279120942978
-0.273489558466398
0.408427463542951
0.417692409529449
0.0913163793871561
0.997015160687015
-0.627201658875922
0.441246177506483
-1.079467715608
-1.28176597657128
0.711074184620831
0.355221214417305
0.303376385061663
-0.504238345424659
0.315142847036982
-0.16701258872242
0.161891358265677
1.59932536006753
0.278681832533772
0.732923198500224
1.08374303456947
0.029667238036542
2.22476995886789
-0.729404448620474
-0.392988264923594
0.00324063881387509
0.296034814385376
0.635325792757836
-0.0177058134374757
-1.0928979526392
0.282137018851258
0.0481403480280949
-0.953843537069955
1.71082401703639
-0.162603522068329
0.243486981972594
-0.794998987066971
-0.181213258076095
1.49361660452868
-0.386244790473292
-1.0008874453842
0.663638051790348
0.193327841936857
0.534939287045595
-1.86375423905378
1.37997899029178
0.864116384428536
-0.258427129004357
1.42935963055631
0.391281132297244
0.376681492190617
0.822567884785151
-0.0349957140955887
-0.341786614728838
1.53831833808145
0.516898594222115
-1.04018504851841
-1.14796745125742
0.0343126073014892
0.358490409011084
-0.775400031873465
1.44411348961078
-1.80233790272197
0.0996202606908959
-0.126964051082908
0.386345539091611
1.80750664497805
-1.06707203083177
-0.926096345926816
-0.460108470861261
-2.39524878687051
-0.685323188350205
1.09993153146733
0.84529234794549
0.246718766115088
0.548321680974578
-0.221381312974636
-0.754022904143994
0.61994322964765
1.08967330455547
-1.2346420506863
0.134363890548137
-0.437347042885688
-1.26486126400519
-0.523063416339731
-0.251803126822957
-1.533948402508
0.6503998726454
-0.0126616049267283
-0.57734453048617
0.77535443986653
2.18020032536939
-0.894796005778282
-1.62304191436462
0.665290926578047
0.936065062449048
0.157166478362321
-0.0484944044504938
0.23132427414197
0.290199328193181
-0.0589313331134885
-1.07722956009117
0.222781754257885
-0.589901612849512
2.31320059436186
0.20168720971687
0.0759003702737742
0.132127113053002
0.479508299112281
-0.917673146182956
1.08284536934472
-1.39105354003553
-0.268418386077553
-0.460929392708359
-1.3485436428074
1.1748931114247
0.755371038609499
0.834564416033526
-0.34324243970318
-0.792270629932557
0.0613488019878375
-0.808594244279055
1.34858663856306
0.6295368716295
-1.10406589970801
2.09473377550083
0.154292164106417
1.58194072666026
0.730330967701021
-0.587910958646922
0.518347903111658
1.85322386923273
-0.600748009359671
0.550740268833585
-1.84344043757023
1.35151048294346
1.94490672170729
-0.732448164163225
0.558750728243115
1.57725323914687
0.734286241193156
0.792590312582657
-0.947392830164839
0.75837655041269
-0.317767691469484
-0.509270215198468
0.0720968535348655
-0.643595352271684
-0.0610907911055041
-2.02533947432376
0.0453186203787833
-0.663734418556518
0.745247413722333
-0.781273304357554
0.900032870067288
-0.294059380980144
1.81968627505451
-0.00676883925797873
0.157730649894833
0.896287371086062
-1.59465755120234
0.498297941329903
-0.12696218056543
0.28067022024715
0.68130163479014
0.783873443962308
-0.455374268030994
-0.0247081051362254
0.182112630479609
-0.723370508309491
1.4411595355767
-2.78216536412191
1.27739517715638
0.40523818945791
0.997767087073348
1.32046179735961
-0.488974984738552
-0.338586831780041
1.22823235612312
-0.295821322424816
0.804017436947322
0.920806105211789
1.09926909329866
-0.414647581315701
-1.75599563665902
-1.55012040731546
-1.98626433801043
0.472158761192311
0.440517703164023
0.0136122693691117
1.76805964234115
-1.15821402821647
-0.0322787421144872
-0.110758099882554
-0.333457414303663
-0.0902281279710509
0.481420822748748
0.550887639696995
1.20848812663649
-0.591750617468635
0.395772754676353
-0.170300888867274
-0.420358781443964
-0.871274571563531
-0.63208304580391
1.21161372766497
1.77775645974354
-0.736748393403201
-0.382034119961918
0.0299291293626754
1.07820721622832
0.112531916901915
0.512950717743917
0.800484098863708
-0.414981227991989
0.495009705033847
0.153229804368425
1.18547563450113
-0.986278445743034
-0.521962517297351
1.23950025906617
2.00480937530147
-0.205530610792976
0.638127839748445
-0.919409837569001
0.809002733740904
1.40549209664333
0.0587409799575772
-0.0283264715844974
0.584456995457372
-0.572282752692406
0.961607280107189
-0.276708002777957
-0.11811304814825
0.261104560747601
-0.534654755228427
0.521996008827501
-0.256269028905721
2.07494492098087
0.660669788650683
1.01456241093257
0.59492254567477
0.766879082065618
1.13637206828946
-1.19100776960924
2.50373303958028
-0.27412421313199
-0.875952602466004
-1.16752337921966
0.853658588245874
-0.378708827991674
-1.37486220768142
0.956373468398143
0.552078572738317
1.1975945053879
1.80112200483366
-2.89357430467545
2.93938032270349
-1.18290202054186
-0.784230960872395
1.84955997178009
0.0927219123999433
0.3743645451727
-0.538944517985968
-1.34480450711493
0.044675191817019
1.83527757727502
-1.34109335110756
-0.735428818107624
0.965968355634288
1.54392874459578
0.55989672252875
0.489795024326322
-1.67297208602317
-0.136781134083113
-0.194764893680478
-0.152582791618261
0.513287022774267
1.03581385597073
-0.994910347623187
0.876240133551344
-0.804526553225357
-0.979022894291556
-0.0148815398895313
0.494015224488731
2.05002557700055
0.310308083359599
1.21583230742202
-0.597546731271004
-0.0413178629292041
-0.754105549878118
-0.983979806945952
-0.361079511715819
-0.789505683725817
-0.887173446220309
0.822614133626228
-1.81913347645754
0.498587119514879
-1.65536219442533
-1.67815117669002
-1.65878885607219
1.97204563999381
0.0512175971268485
-0.631612407395419
0.458719888415108
-0.206041223311271
-1.01804170234474
0.82187989507333
0.616596870482376
-0.628676202877415
-0.618430556054232
-2.27702822955225
1.30488875279031
0.449979478071308
1.12470323035053
-1.19508000093948
-1.03201159629807
1.22506743498831
-0.645872728568578
-0.566990554787798
-0.58011095543255
-1.18702630066445
1.02711096178303
0.781757046522386
0.646380491820618
-0.880868092758829
-0.00556160281943006
-0.528238871639471
1.67898907504543
-0.109667839840447
-1.00318997011703
0.712294854550999
-0.621160862749929
0.252569177849488
1.76702189687159
1.14429215299623
1.72922913886611
2.2860920499385
0.626647974402539
-1.32437474443897
0.703544743725244
-2.34857095137321
0.915578639447368
0.550080161083727
0.941751219760383
-1.77613805287229
-0.107919630380738
-0.425661211216245
-0.0268141038356698
0.975240531558514
0.643018819157595
1.67404987054473
0.0129336827629931
0.394843951613304
-1.12976741863052
0.805073290412288
0.163112045184914
-0.308802545911604
1.04414460973903
0.81678428820528
-1.52645939485437
-1.7701193501236
0.0963316821998082
0.549743136279184
-0.526972030097927
1.37948727200715
-0.670689074070058
-1.65014136737604
-1.06751930514836
-1.4017266019246
0.955612475813003
-0.0846862033684909
-0.0215919915807912
-0.472979344898269
-1.45869714127757
-0.884765756873179
2.27237714035311
-0.427177719675993
-0.464187558661686
-0.378853915128302
-1.17149573259812
-0.343518337403704
2.38703825536458
-0.00538860794366258
-1.34353464065846
-1.0824694069896
-0.15112112693705
0.0846089345043659
-1.90322945126038
0.813308948579257
-0.959856346086219
0.380203858590836
0.652678718801184
-0.158895260955764
0.276400667195142
-0.543066207384726
0.798516641808916
-0.193569963046659
0.442924097682083
1.78471529444537
0.102769007809044
-0.0916978869799095
-0.404506790087664
0.429310386043971
-1.18281711378932
-0.675216122055382
1.00842543018447
1.58491038980981
-2.36520544355283
1.27036199463216
-2.08644525910158
-0.872558824670648
-0.816126760549385
-0.889980028453903
-0.285913994509155
2.6119078258832
1.24159714526361
-0.707967803314801
1.88368458435268
0.76353284735384
-0.560446230890044
0.838020111746507
-0.906326398945881
1.38219460538666
-0.0563255020212839
-0.0345061069547056
0.84381979167826
0.656585403124125
-0.783354658555186
0.334425114777833
2.06682834820934
0.0840333191017283
-0.374591331408436
1.88233340470042
-0.070550164643694
-0.997410335195458
-0.439501967582764
-1.50883699571214
0.568798328527394
-1.55201642903855
0.799496776957593
0.997204208413438
-0.13795570631914
-0.994008493718493
0.510085988581538
-1.8058517054085
1.96017719550293
0.391286449430646
0.220404499636033
-0.758138583183558
-0.760655118038197
1.41870815366021
0.772504275094757
0.713575671236902
-0.672501422928892
0.541116522307399
0.246837001066874
-2.94337381214109
-0.40395191051942
-0.255787266876502
0.474978355987836
-1.26664311232734
-1.58196214735564
0.188183573773941
0.330798085764802
0.339336369534947
0.461394954974942
-0.671290804034733
-1.2446470497828
-1.3227649313962
-1.48475184935183
0.719043044002271
0.790630867288424
1.27940549992987
1.11284648369134
-1.20486120330761
0.319030091866637
2.61683829010792
0.975326710824346
1.18483903499368
-0.812953631556564
0.501383323566799
-0.272532372652601
0.15799731278405
0.468509455264193
-2.34205529082934
-0.657706617648082
-0.503336813090514
-2.23766064089944
0.518505979928926
-0.824437788778062
0.926354714769871
0.673738491933179
0.0944561441170218
0.338115856462833
0.867673430421013
0.0881506830916325
-0.382689752475577
-0.562202790786385
-1.19283479529925
-0.126591514492759
1.27003465432415
0.834805772463465
-0.693014089081975
0.693790309689514
0.559861481725772
0.160181527620971
0.891743962332623
-1.41898172454207
-0.267275341965692
0.974885388140452
1.27283420016904
-1.60178117134837
0.311427664094678
-2.18469393128731
-0.0367162129370182
-0.313177165169625
0.860915512306571
-0.430709105572156
-0.956996119444079
0.0619176935740203
-0.607545573757039
0.334837930447996
-0.367203383768042
-0.477579284900306
0.582483879735338
0.725455719404256
-1.49621091009978
1.1747701272174
-0.310036280830477
0.953872957281663
0.758359684569735
-0.0443000090981469
0.293446596264216
-0.0721584673403107
1.67685432037996
2.18707851640202
-1.320115294566
0.52950290441655
-0.803096898842014
0.87380492505884
-0.922664261536962
0.355764370719502
0.300550969354665
1.00921055147575
-0.0475342547935412
0.626630558898612
-0.754635747299075
-0.126758885462569
1.34100820606343
-0.608920953004203
1.74439843655112
-2.70092568856749
0.0811846234329653
-1.21068819251863
0.142160269089695
1.48322387063178
-0.333177516641001
0.452514568248256
0.0457532584984961
1.05977328978673
-0.511332843538262
0.65043434135786
0.461610119932629
0.384583319965137
-0.952130468702488
0.403730639788245
0.975507704986321
0.130122092237746
1.69883743292928
1.16477923928274
-0.426226978539009
0.538223500264011
1.43459936552883
-0.736540742243547
-0.09972330566852
-0.331743989308767
-1.38625458629867
0.915595597419717
-1.12838063123021
-2.19338534622686
1.08177779805886
-0.885571547840734
-0.373252006281016
1.90796197918139
-0.821573314293345
0.498956031468838
-1.70957059209782
-0.842420428146348
-0.896211927211419
0.0909072582056731
0.751956573488128
0.188559484655398
0.542939712796971
-0.461984053816319
0.450012641233503
-0.209867577082822
-1.07266389122139
-0.0216138954928663
-1.01309661857761
0.00333198433198476
-0.0879609837846195
1.11610448381253
-0.815551649187513
1.28525913990927
1.04003968046584
-0.102305355497856
-0.361928429783819
-0.879768231778348
0.222147642638688
0.404054758228598
1.15648363578569
1.03718451766781
-1.936996438098
1.64806611490106
1.06662787179926
-0.121497387322204
0.606346319390602
1.19576011035858
0.582529233785329
0.216122965418576
-2.15797129926813
-1.52068478631458
0.674516505788137
-0.563242564698872
-0.991951495624179
-0.491904170178378
-0.526519884459365
0.244609443259133
0.905492336735226
0.909252479982787
-1.06035503392525
-0.494810644051464
-0.2977713844514
0.749887530347653
-0.912932383502034
-1.12910621781254
-2.47858131031943
-0.251427305203355
1.70206928828644
1.08305682914176
0.67998965749821
-0.534073597577117
1.39077536918752
0.237821077109511
1.07974838021106
-0.62809515585073
0.0690008964230531
0.577599659000986
1.63375100797548
0.847070313593508
1.34410482602394
0.215493499807325
-0.0762603686220883
-1.56154688251315
-0.0977410233603009
0.569811005830929
0.693166015691268
1.71215910787487
-0.293272941137947
-0.926966508723573
-0.231228968333045
-0.646136549470055
1.18583504096024
-1.04966783452876
-1.2500937803201
0.348195434953494
-0.514262118984566
0.018443810227831
-1.81993520785096
0.786460182114863
1.08433311252943
1.05690537963374
-2.99948353617913
-0.189270028432997
0.345080258145209
-0.214456240899168
-1.45971130958825
-0.577925777681853
0.294059679373326
-0.406316693239646
0.565119974623883
-0.84477262724418
0.523154617056315
-0.0682984492639003
0.233120883565351
-0.765485295127982
-1.46640568495584
0.94924639435169
-0.957101502961882
0.0458511696703685
0.303784953302848
0.420271878426264
1.4781338656967
-0.15654832404739
0.39141069643241
-0.279854556051293
0.431933933979943
0.319983818516159
0.442633767098005
0.146217280556654
2.40194401548714
1.00239174207892
-0.142280769454606
0.745418236625113
-0.255387225444473
1.0450813831174
0.0430504593835226
-0.864258605028985
-1.52837383315618
0.554875399797329
1.72859243264288
-1.79584614965373
0.698934628474807
-1.47212506201348
0.909951856123317
-0.701594556419662
1.34678580014288
-0.532452936284837
0.084120875192672
0.653926296115463
0.0817121530689446
-0.858584755807072
-0.117865039515543
-1.41488774606274
0.660154092821192
-0.718709773436561
0.40441574651164
-1.8820742508718
0.315351562608954
1.33715283696252
-1.526566918699
1.44097840220416
1.79789862719609
-2.30504860423133
1.32292527027039
-0.819884312391747
0.145873807550915
0.171860790959681
0.933953268910504
-0.925056915843927
-1.26920178936443
-0.170141193563394
0.180263962489032
-0.227195959799292
-0.208481763506076
0.217909667286598
-0.707443311195688
-0.768591814876303
0.403699383367153
0.264163065348133
0.0185570923157988
-0.697648897501339
-0.381470511522501
0.976625756228376
-0.360519513723942
2.21459669754175
1.35526952964851
0.719660220842353
0.796631224103634
2.5700993162866
-1.16556911075045
0.588032914605006
-1.4401648779166
0.27458823659827
-0.0169796647042564
0.549406195997009
0.62355239360863
0.512948549692326
-0.0595300600664299
-0.560480579064134
-0.450080787789223
1.15724556063115
0.601482237808721
1.12285518526679
-0.418550146214288
2.15441856789648
-0.577606753043393
-0.414028700597439
-0.139178901479015
0.315752879847082
-1.00993334217326
1.1845168739125
0.143259865559398
-0.585529249259894
-2.24914093865599
1.00395152067797
0.315946166524874
-1.56000428770157
-0.353054295720471
0.101273897372247
0.1541660708392
0.246911775842852
-1.06371615530547
1.77275586352686
0.578148515035817
2.00154126386791
-0.359323942423661
1.63720230097417
1.79203569975379
0.830381050323187
0.264905443630312
0.189867752467728
0.211377891071057
-0.341851558891529
0.195084360957072
-0.830415090533014
1.10711732537033
-0.0724493101716578
1.5691657967332
-1.02233878045617
-0.385287411335277
-0.525013259238279
1.41845099091267
1.80780465244507
-0.650490475285325
1.05797655759181
-0.591329836197586
1.41914286495061
-2.19560894045215
1.26757248789001
0.633234979564464
-0.768808022224206
0.73058415924725
1.14657671741819
0.437566951133174
1.14814763753123
-0.950575562061915
0.507642218932607
0.97061882081676
0.556662024707474
0.315009751795719
-0.419479539251812
0.163123194635689
-0.660626393699889
0.286816755222448
-0.157027499967173
-0.82019655219689
0.612588461683873
0.871479025330925
0.140069903701078
1.17867239218964
-0.0818085724742083
0.851259988975494
-0.241161870972855
0.450184586332529
-0.337325026763556
-0.0216532773371012
-1.33941018203798
0.629782771491134
-0.775191459099393
0.906314596281765
0.501944957250232
0.195992919250892
1.19533530082854
-2.10030383526017
-0.472567105499783
0.0588551258579869
-0.93838054099398
1.68371341321051
1.23502856218047
0.764920175680131
0.940410904348387
-1.82993521891995
-0.53398709349833
-0.151574134622386
0.172750239336319
0.310543492017191
0.52846976536646
-0.305045037058295
0.764425260218799
0.989158457490461
-0.116770373694227
0.675738802311329
0.0530479816155241
-2.01694911659534
-1.01846449321501
-2.07451047416478
0.468236825052423
-1.19133215799374
-0.130207857140592
0.454775185172503
0.361272522823485
-1.9182183732022
1.7518338804591
-0.337788087822537
0.496716891182108
0.254942351573388
-1.16809039899489
-1.18453332003539
0.107011969579071
0.702986063717041
1.02897139068632
0.483165305408453
-0.893671379557684
1.44957128571223
0.877088358450692
0.364155770915936
0.298784719801299
0.0481478975790638
0.151764715830625
1.0274384729119
0.637012897298196
0.246087738366126
1.58365502429466
0.746453381132115
-1.54500341453567
-0.436590433098305
0.34956529616283
1.29375205881738
-0.573456342625637
-0.833003093965753
-1.94178955324269
0.0292261994653208
-1.21044981265347
0.713908834417163
-0.742069963044919
-0.112167773950502
-1.63566555633438
0.473377185280903
0.788961898575939
-1.00154429206134
0.203328920747347
-1.28683966610797
-2.65212406970014
0.150925061766057
-0.0534688194895572
-2.31161814710892
-0.436747490584041
-0.0797483708619849
0.184880979431984
-1.20363772890185
0.78203309509596
0.4138436815198
-0.933794935554386
0.229697235148882
-1.22126458923852
0.342455358440364
0.381469762958252
-0.704133351915527
0.576578944746574
-1.42339488331949
0.177702200147555
-0.89326123358639
0.893136246556959
-0.74262392572465
-1.2119265607541
-0.460451547882001
2.66928701129186
0.0925570321995542
0.483500286815479
0.208505302062081
1.32776802713503
2.02647076301458
1.12154796865278
0.0385559193258445
-0.973675338574496
-0.810808235707742
-1.86592923391288
-0.086324730391078
-1.06755691916037
0.488966657178946
-0.116081843550573
-0.158600966071834
-0.262123475103961
0.91798681632585
0.335088528085163
0.658114630059447
0.229392390029071
0.448247248694257
0.0482305930426849
0.722480887418275
0.988308159634441
-0.158668087341699
2.6220952762079
-1.13294352449008
-0.71686146527204
0.291518520173161
-0.621084473966828
0.64750317598876
-0.315153580338262
0.955407556659071
-0.271241048853004
-0.220128933931674
1.74307332550039
0.188284228188384
0.373803655401057
0.479095807381461
-0.969315812607973
-0.0935878149343572
2.31241376920974
-1.24982039980137
0.216875611001968
-1.87470709173795
-0.373263550807868
0.598305157896433
0.0391205647634657
0.42608907374064
-0.0145318528314338
-1.07044603123264
0.973932560335457
0.637099135657885
0.375461173499318
-0.0550062915262448
-0.0449772138590041
-1.04810047293286
-0.530828890179608
-1.22774375925135
1.19694787933179
0.0265492245290019
-1.70190959047708
0.55597917516054
0.0889722760466683
1.42129077593682
-1.50702603240701
-2.63341281197736
0.387898478869817
0.881672037887248
1.52386250680866
-1.52975057158081
-1.9554238587141
0.547872095932669
1.81507188770525
0.092547530514613
0.391019386096701
-0.952471222572491
-1.02892419730933
-0.148635781345228
0.241550992755552
0.358861328220649
-0.361125313592415
-1.4251182380345
0.279359593291173
1.14228080012865
-0.324369210444486
1.05823417024918
0.419352518369329
1.18739882841445
1.51899701579133
-1.70538371051178
0.232207076143469
0.0493006775008364
-0.581221492903171
-1.14271111745706
-1.65036183797158
-0.164854263605307
0.317009365920089
0.119357273331639
0.678702916299259
-1.04103871206016
-0.353901500053021
0.819927706281905
0.232532913327852
0.260967913610729
1.10008805111285
0.22443753570531
-1.21369662218397
0.479313730325663
-2.37008963785335
0.198929483774183
-0.529159287750026
-0.754459543635632
0.560337030555909
0.574939494576963
0.701794709244941
0.468639631341018
-2.03264136210696
1.10344396248807
-0.866280769817753
0.420036049728041
-0.617846489403151
-0.738597518063842
1.61318957227067
1.3389817834205
-0.383951529159211
0.431968054485394
-1.06554959882875
0.149278438482078
-2.17139431415825
0.38836003306186
0.661947076208074
0.613821766319371
1.27617832989962
-0.248134642543193
0.202192584219332
0.284112570018298
0.725338079823787
0.34612788860249
-0.85212313781734
0.575256914578146
0.439639763588898
0.348912342754367
-0.922005211825176
0.49854041505272
1.48273008291583
-1.04484724871191
-0.550501069848673
-0.103481100257533
0.913894481068382
0.113822498524063
-0.0221790366378251
-0.915073811853025
-1.12661016261125
0.979982332389623
-1.78548778965003
-0.374860987695533
0.0695466685599351
0.588744149088567
0.118269158481321
2.30430970615433
0.31303290959724
-1.52058796877021
1.03607183125522
1.57521891059268
0.702012930791699
-1.48152071923197
-1.66300714542402
0.18216758574176
-0.183908381172253
0.124099804041415
-0.373717948895355
0.345659985720647
0.286811773842783
0.493494370032153
-0.291859381917948
-2.37029218408204
0.24406178958518
-0.556444102870421
-0.483255671744694
0.145019891975292
-0.917594832245781
0.840568413577632
1.01733906507831
0.0684185911441126
1.03997478916011
0.527471967469322
-0.0756429246651773
0.480336010956319
-0.143090027316115
-0.598332531372339
1.31680135028973
-0.706069357251615
0.903574990055863
-0.800087043957035
0.850392884370451
-1.99443096830207
1.45089349854426
-0.913712766263141
-0.84259173298291
-1.87702129688858
0.981882090104265
1.35214073964405
1.58160928986641
1.73886115109996
-0.411063365282513
2.55193898114763
-0.989068446773192
0.759383567913698
-0.295507860987504
0.0845430323769298
0.960575646541855
-0.459133075052848
0.963929879022686
-1.21381835308999
1.90094442958242
0.00559347851850501
-1.79979327793359
-1.25379825116565
-0.961294236442327
0.214313086515808
0.57929915063289
0.246187570563565
0.264091360163905
0.410191257028883
1.47915395050351
-0.332446921530733
0.665007832118548
-0.406243598420046
-0.197680445539011
-0.385693120037047
0.899887352623412
1.26331649178994
-0.0867381773388743
-0.670070725576013
0.775584101986444
-0.874100847222922
-0.272040300586405
1.9436666632299
-0.499420753562833
0.292220586630519
0.14850128968038
0.773686860436381
-0.070224735024928
0.530663507690601
1.26586880731463
0.438174359431721
1.19777886242785
-0.370489139075866
1.08756812548813
0.633288357967161
-0.169895757201107
-1.72580364785189
-0.671599622790997
1.16011564510167
-0.313188846335145
0.167919738757754
0.272909984340194
1.41659751127522
1.04208217598889
-0.431691858665997
0.337294895482529
-0.919058865680242
1.23283300043559
0.73163263389007
-0.0409966606619902
1.82782100506661
0.748882408178751
-0.597458669275266
1.57110367267854
0.915175291827055
1.39310386957633
0.764629732898171
1.01940144426907
0.248676232954265
2.12113045423895
-0.394994501869362
0.255091667863973
2.14822972490015
-1.05631364470154
0.889384780998083
1.6399316423125
-0.970809832415121
-1.29493139747466
0.515912734009033
0.588376121648008
1.44414036817554
-0.0500877835624184
1.41875564433418
-0.947938810945586
-0.698520261095869
1.36880057498294
-1.83854461074574
0.364359990354022
-0.941920433533317
-0.986186203629413
-0.919439128183016
-1.10862388934989
0.744578404449525
-0.331150938209154
-0.39385358666428
-1.15829986398605
1.35726538533626
-0.728868899924473
-0.724248898032369
-1.81451013176828
-0.751354983882223
0.589940926938698
-0.411963541571698
-0.700059371359091
-0.602001343868255
0.0465897826688398
0.382207333385547
1.74127632193506
1.23310619422052
1.09501934356812
-2.49919882069988
0.749175189025014
1.88925097564191
-0.768487691409632
-0.697622071694207
-0.380299564230487
0.167498064922782
3.16913361535173
0.215084737504006
-0.501237094744579
-0.831050599340514
-1.00778609265393
1.95943179244968
1.88579623023496
0.616052246083653
-1.33237398206196
-1.2623075032198
-0.726603304738934
1.31364308004912
-0.0701023817561784
0.398597268743256
0.591183694002767
-0.0604352602901964
-0.00220443324721392
0.529665393663759
0.728231780192775
0.259116881967479
-0.0562930860526766
1.59290541391992
0.210083140718578
0.547143934220166
-1.57422107259362
-0.341179944921616
-0.0211529503682713
-0.943475195270158
-0.557418127417983
-0.289956242852461
0.297307233294556
-0.827639761267908
-1.54014686721617
0.865370330203611
0.268450390896593
-0.0981321225673491
0.755556225725493
-0.574102233853558
1.06166744145438
-0.74552833264457
0.213807212717697
0.234421011176864
-0.297678206618476
1.21554465290599
1.05679656583658
0.304858386442323
0.189218127032541
0.264630860973373
-0.698877757598264
-0.220347584948273
-1.30893779231252
1.23823518133845
0.737686420655532
1.86001262444598
-1.85366904596768
-0.126395760182772
-0.0719547310642484
-0.960845756315996
0.0845243321077989
0.219487514853615
0.840682117387074
0.0492329149967602
0.076711785383479
0.408099364485296
-1.02267321396069
-0.274986660567829
0.614140912438269
-0.474333305261628
0.818545602775407
-0.22951439291103
0.191841515249815
1.20826060409929
0.396085335380607
1.98161565395315
-0.356273899140772
0.255617219483985
-0.75572563594743
-1.43000060412453
1.51547623904439
0.504826177301379
-1.04687370820085
-0.996325807308449
-0.434163802247302
0.254939772760854
-3.03078003481355
1.08454811366222
-0.540160344061433
1.12469929276047
0.346478985493795
0.0448941610071093
1.33029808822736
-2.28011773539461
-1.68610766450365
0.475173817687186
-0.765864454126261
-1.9939789189722
-0.272837360256584
0.00238622457257002
0.900460682079907
-0.188665870679773
-0.721066350281416
0.696895813798605
-1.85031036008736
-0.895771258937375
-0.788096290415378
-0.982063566822622
1.00738229139533
-1.41436867530143
-2.128871428773
-0.542002108107327
0.631076630053854
1.53467653696304
0.774461065850764
0.486334342208627
-1.2900471307465
-1.36180922231616
1.21730866129234
-1.03026867480023
-0.327807343058637
0.971996053596135
0.570876800880325
-0.592062935385428
0.713811525057471
-0.0122510475066062
0.633074463731676
-0.571909543423171
-0.634294168597966
0.120044160750262
0.304118490372928
-0.48001580237831
-2.11736507645012
0.456864131535258
0.575248353926231
0.546989649500866
0.0856501948971267
-0.126743542140288
-0.208084228751875
-1.06349109369423
0.266824820320573
-0.704691082278133
-0.314264613957519
0.633097206460241
0.585910678454591
0.61629420246411
-0.142132900493989
-0.307146701192608
0.275326829412002
0.422332958880115
2.3518376213676
0.207625390427006
-0.487587134036166
1.36506319758271
0.657776880810965
0.0792399768890002
1.03249988419591
-1.85059626519705
-2.30312053681243
1.79264579980217
-0.00626708352059366
-1.43153105775567
-0.67111225251673
0.107538159334339
-0.259897339552503
-0.84094152283763
-1.54370478270982
0.180569487613555
0.625395026312065
0.12713411305714
-1.06390141588126
-2.15951276827074
-2.27296515442437
0.614387705326139
-2.71007976553609
-2.01522563687322
-0.0715369301492886
-1.79039680434639
-0.522250424850497
1.49004856738618
0.27731028328675
1.92902903050129
-1.71637291595715
-0.162764187612833
-1.02207264564893
-0.136616585741739
-0.330502232528131
-1.42859921950847
-2.15161003658699
-2.14118499379411
-1.21193885384904
-1.16092166655799
0.478880882392109
0.72287929071886
0.256794310358777
0.75081522257432
-0.387473644800275
1.10069637774029
0.345698936241866
0.00912700310633326
-0.340037749637528
0.438011210887901
-0.663184675476287
-1.34282251174904
0.814100273543429
-1.28968568558985
0.0158168041184393
0.312603565746428
-0.499720521475904
-0.110869457565314
-0.882019294890466
0.171053717042615
1.6375262649972
-0.350118578070929
-1.24992470528126
0.174848804880218
1.52844657693478
0.442027175190547
1.45539544562727
2.74656467426447
1.01116776621663
-0.778543871174873
-0.318123321442054
-0.194968460980309
0.859808586131249
-0.0545297585552582
-1.34290831703963
1.60106593813324
0.51158354524369
2.10185460224137
-1.84489576426551
-0.754732969176144
1.71621889964761
-1.19747027445815
-0.470013654666822
-0.45287628128018
-0.790503456574368
-0.179231417566467
-0.10660580840749
-0.341849421508399
0.116107108263972
1.64851278468888
0.431619940352419
1.09141907198012
-0.644993251170803
0.600234249113268
1.49702956116851
-1.41507852060257
0.345946226845078
0.591373364173232
-0.225873097670791
-1.73424591733564
0.0771196028272952
-2.28853609987186
1.03408365132335
-0.722886765921507
-1.34464294005237
-1.27377168656031
0.0637432541596012
-0.947878123473145
-0.0239697240264888
0.178557353436261
1.00780112013488
0.309485906827078
1.50656500485702
-2.02157124435448
0.546037004724267
0.0677761232005577
-0.742658313201145
0.362680560216552
0.168917675237938
0.127122625133573
1.03902084158969
0.783183909366155
-1.53277082457237
0.776208665564121
1.03872680876549
0.306405235702645
1.55670641880996
-0.0991237357765332
1.34386070939793
-0.440523938737954
0.833225545154818
-0.547243493276399
0.34343152774904
1.33594885607553
1.04316745188668
0.241002518378729
1.00383783658966
1.43993612460548
0.379503931455508
0.129702626053532
-0.510226022824093
-1.63896907214487
0.565081733784744
0.31202626949067
-1.01145263912047
-0.860962716198823
0.486931055158119
-0.626504062516866
-2.47229324848538
-0.148761373195542
0.568640764693082
-1.19370664657855
0.0371138935915225
0.304909225384661
-0.750115110174307
-1.08442416176443
-1.47503173322079
-0.547002777902816
0.323574715803946
0.161617635506672
-0.0531144008352002
1.22894796598392
-0.998829394729254
0.633150432987436
1.09010555378687
-0.651461625949985
-0.000935039671294174
-1.90403572786144
-1.30853301519678
0.217121862902568
0.134810725404513
0.108197029469054
1.15518235057389
0.622167260912066
0.0724221214243371
-0.174435464739837
0.0217389352433018
-2.34544683419293
0.177540411306204
-1.50523164218953
-2.60498783232963
-1.53233967541382
1.20012698296494
-0.075194669437881
-2.18132041057197
1.31727932028731
-0.95347122297464
-0.789544154933828
-0.163084852355292
-0.773189495309232
1.88197001529904
-0.0610331132510218
0.18598671926131
-0.88306144704805
0.708746935568881
0.150589088479855
1.11885368472318
-0.63467933837952
0.0315423013272449
0.184224477521706
-0.30376242134732
-1.06427626224533
-0.59212092956018
0.782620967166406
-1.53675727966203
-1.42848459371315
0.207004846170946
0.302796055663611
0.170190285083341
1.96241721713992
0.286958234753822
-2.40664727503933
-0.378627957346612
-0.73020117765249
-0.183180435213572
0.790194146433449
-0.957371713770726
-0.0388265072640959
-0.326566887693602
0.912241504810832
-0.189078340886403
0.931812037255675
1.35594251414396
0.012746893512573
0.511915663248775
0.271421586007779
-0.554608082634552
-0.631650969302335
1.18887994398519
0.189166583330232
0.0974433715650218
-1.30164083100338
-0.484468548990574
-1.33871743546464
-0.0866176769224092
-0.0442750963563437
0.00586392715525231
-0.491524584529736
-1.12762877601688
-0.265100387395831
-1.04809121053864
-0.947712170477705
-0.153774041071696
-0.326848484395113
-0.486350031828265
1.2672546096304
-0.117342182910077
0.748492912947552
1.66945326206931
0.425246851653183
-1.48354567515888
-0.309210345042126
-1.09147100721656
-0.930217916694167
-0.530876381018845
0.6389538140663
-0.715765116124181
0.53297628929657
0.334793474382896
-2.16445262887385
0.579750771854729
1.23548577327057
-0.389469009674054
-0.0919692116156656
0.279199298808514
0.00290504847811837
-1.94532743554951
-1.81044271855067
-0.248838277119692
-0.876793676509807
1.41542978186186
0.956180594080083
1.27092829416283
0.822881445467792
0.97362756362365
-0.653593578516643
-1.05841578980143
0.203074402511526
-1.15649937251448
-0.365255121872528
1.22621753635674
0.0232833816612044
0.262091971149172
0.744116493320272
0.22265414259564
0.410668920916629
-2.33475735004028
-0.443566116526691
-0.185592969298609
0.887826922862823
0.503351049663811
-0.399169967292454
0.534191794590965
-1.56496046652968
1.47070378342029
-1.38861806318306
-1.25645103005251
-1.69327745307894
-1.8938268668798
0.7809650023483
0.754664525320125
-1.09035061107206
-1.45224814631903
0.868005855818878
-0.734332160563943
0.978463645109221
-0.99491304262812
1.64672338100455
1.24245544470127
-0.331190274571
-0.619030065921893
-0.0105279653664693
0.888623932077817
1.26759749389962
0.863145969702502
1.55877248664014
-0.129998601798991
0.568122620045342
1.25089669566078
1.08905416878362
-0.74327400106036
-0.569986540462988
-0.119812372249917
0.421864506489746
-0.594837481748037
0.976073759563158
0.366760216802367
-0.635283429832084
0.340455672860716
-0.141990034666105
0.908952699473115
0.0621782594676582
-0.206319974793361
0.413838225987208
-0.853618313786026
0.0863001012173959
-0.0413096158691156
-0.0356686045055085
0.777160655099469
-0.471591326211104
1.15794589878374
-0.52083248929357
0.415888681286645
0.178599503799734
-0.877454803406856
-0.512893813974714
-0.702709649555253
1.50545571723325
-0.931817351032435
0.0658259723243735
0.397663222718245
-1.48745885678039
-0.850888886356845
-0.675085845426954
0.169447816453128
0.0638225654011542
-0.742091380486152
1.21597261611053
-0.753236703861963
-0.378120624126324
-0.62967595969965
-0.486410340233305
-0.788613309812838
0.203132361355459
0.988466336479422
-0.646369077695353
-1.10553650677308
1.79917454232536
0.159851797061092
-0.738489569941827
-1.62431544950762
0.78372152091628
-1.42558142014862
1.18717953417029
1.07520877480567
-1.77394134223216
-1.18353822654737
-0.378575837902959
0.20536789049391
-0.405137839532147
0.119405901633623
0.638233293621982
0.252148048050655
0.474593402633022
-0.0732582980864971
-0.167975307897262
-0.0671446988943381
0.19447882798357
-0.562390338414312
-0.652808864191616
0.840163103026435
0.928335516448307
-0.444914814501304
-1.08965775470454
-1.13032270233843
0.127132602110358
-1.81429637127401
3.4268128887516
-1.0953292467608
-0.909786832796353
-0.0760015135425413
-0.0178481906928697
-1.18564775367635
-0.745233980719313
-0.933072239379685
-0.298482226463339
-0.140767886928422
0.404660331392033
-0.00458411206566882
-0.380388749357518
0.132104306571502
-0.0101164913742049
-0.520824888391547
0.997241902268283
-0.0457389474761487
-0.596148902959909
2.67661575633025
-0.368481578657785
0.533270586081037
0.106813890125698
1.13322878671229
0.822236242300278
-0.199964015351993
0.999357699557134
-0.745554964990928
-1.14534063694622
-1.14596577411569
0.594287129380932
-0.0180213592716302
-1.00974357256576
-0.935497704269193
-1.42328963875252
-1.41078038910261
-1.29500669738264
-0.848070844857695
-1.36410498113386
0.227462237163098
0.672281940201962
1.17678259153722
-1.67579870492276
0.390783697596547
0.343273915364967
0.562856579848303
0.647158728942091
0.55793569264488
1.678484123387
0.0953345436482117
0.0516555422979087
-1.07712622467548
-0.122679932114565
1.24326911344118
-0.430849893642627
0.314287742599999
0.926575051429348
-0.825369633669268
-0.0670862102943669
0.512755308773396
0.162334157640106
-0.739475910364078
-3.42196854068113
-1.33900766805028
-1.16985610496067
1.55711112514923
1.17494666665831
-0.0540562162514579
0.721087725815009
0.860397725050107
-2.10935492490514
-0.254097857006181
-0.407059354122398
-0.561299653510082
-1.40467508037352
-0.85115696051738
0.369198227992533
-2.23913671832356
0.802198859743628
-0.463666870092145
0.176963966953896
-0.120657099566296
1.24055226982324
-0.291777042695581
0.202364772176519
1.85670483159704
-0.321173328857731
0.172737422367123
-0.247129104995255
2.59897646159015
-1.06556835940366
-1.69507948837272
0.0920904363545115
0.753561373925325
0.251510740744693
-0.380192886415945
0.634967812324565
-1.39286433729923
0.608593780624677
-0.379844544502689
-0.769382366442101
1.95504573916649
1.00533544998594
2.17175033719494
-1.52350373870057
0.807639414239323
-0.540108181683019
-1.67135809013879
0.256735141611839
-0.61005509207031
-1.08693573493482
2.26656493409829
-0.523767615825725
-0.290360023718509
0.26727420145801
-0.938106262304204
-0.773441727860671
0.729630550860694
-0.990300692273086
0.547408078917196
-0.0599315482427508
-0.271755840144496
-0.360050086256235
-0.399207525524736
-1.09287209256056
-0.77786772212576
-1.21783423989668
0.934482071635672
-0.227857111427209
1.18636814996491
0.0423436302383389
-1.05390499411546
0.022077556600442
0.800819682417577
-0.905603057177604
0.763962639157216
-0.942842365351133
0.548781997972011
1.37913300219981
1.01350986066516
0.263156405976
-0.455836001331035
-0.0295341333017309
-0.389031280497855
0.33194271924391
-1.49982936493306
1.33521089042301
-0.389678516687596
-0.251972806619287
1.4840495162534
0.105521545360917
-1.34800563099417
1.02050828261469
-0.933749431632296
2.56237110870524
-0.125238614258493
-0.620336272041573
-0.263243016603675
0.875122670920482
0.0882324306008632
-0.867993838817965
-0.812301376916597
1.79806080751375
1.05130735315113
-1.11724938885612
-0.214484704944878
-1.35907313667691
1.86823370073894
-0.00359042614656519
0.316932917098142
-0.351829438626527
1.6116475980421
0.238292773106787
-0.729787945923795
-1.18466575572639
-1.19293374069705
-0.0669386982890043
1.12646277436559
1.30378094364731
-0.630400995976214
-0.305300635652861
0.999423740690377
1.40986278341529
-1.56696426831686
0.121603142399671
0.750642131728756
1.32654749441229
0.447761800644144
-0.140578748355637
0.2864935547333
-1.34318803034298
-0.848179051719766
0.218590305781231
-1.47346014586825
-0.398686958771086
-0.420245242021792
0.860538340096522
2.57913282593328
0.369428772674045
0.681283133924222
-0.942129595809303
0.228314792442239
2.24032534872883
-0.0295586548032661
0.868531199788009
-1.22036630573702
-1.14859278168039
0.559727307006141
0.521214910212166
-2.21916103721346
-0.327396862981039
2.13925714429688
0.114441368327468
0.679092571682243
-0.685137334079922
-0.526793606669845
-0.890815083637715
0.319982343528464
-0.144243037614588
-0.129288717286629
0.700374758739452
-1.06745403428804
0.773272456950427
1.18174353491121
1.86659874150612
0.947411090934713
1.63135426494821
0.437946989117541
-0.0274122500352296
2.2585251824189
1.74027626731552
1.93869190951292
-1.46073522345505
0.436495847921315
-1.97467068334331
0.291745071989655
1.09942914196986
-1.60641937758744
1.66776765396148
-2.58449001302514
0.0322395011364889
-0.0967074174475433
0.60136102364894
-1.44270383892866
0.499158704811385
-0.679116851978625
-0.229162936230995
0.961418630955527
0.496560272663923
0.552845117570345
1.86426684561137
1.13034456757253
-0.64350551720036
-0.252308612920474
-0.236275696762363
-0.7884199238304
0.0452023028307118
-0.335548979174754
-0.75403386843601
1.13620731239099
-1.14938585645532
-0.633526316538056
0.459521804014508
-0.593682735335894
-0.145205350942419
-0.102347602056811
0.473770530785278
1.65360756710118
1.76105243922369
-0.00951218675301904
0.442068447542081
0.232643145702494
0.0320254880045015
0.730242054758058
-0.177298337799355
-0.536924807226198
-0.533411099146673
0.28511860543199
-0.932230710097207
-0.631779345925121
0.369391436694531
-1.45720979860425
-0.280063142790331
-0.0484131203612404
0.704183443925687
-1.67459840046295
1.12704026347562
-2.36805573569794
-0.0663756514563736
-0.378274978484061
1.46955741438387
-1.23732513797805
-1.84310165627359
1.25605559016534
1.4538764122555
0.188610397016016
1.66745984202126
-1.83853941291584
-0.866107693190305
-2.20822276206109
-1.15253036062307
2.06987824918921
-0.18402428453585
2.04003675531946
1.31742616175656
0.188861405790247
-1.70080819913097
-0.06567737839544
-0.537238861782753
0.832236728922918
-0.403566267659864
0.617306339102205
-1.22647396044768
-0.492406278587756
0.38514828741888
-0.120271208828429
-1.76327550468445
-0.911889233033711
0.491189141191263
-0.120915450021189
-0.237476421936626
-0.754672251687086
-1.42566934687568
-1.2637781019091
-1.94950988934549
1.21177588554297
-0.0954031411733957
0.656863077924486
-1.28614154380588
1.19166555845323
0.257461923672047
1.73811409506133
-0.00273242869388786
1.8454057022652
0.0180341289944658
-1.54100114079473
1.10640233327066
0.857251037445501
0.289961730877513
-1.92788882938009
-0.484975550981378
0.87271974108658
0.801785770897661
0.907097354284432
-0.27513519577784
0.131285199023455
-2.3841190104149
-0.0548346935157216
0.418779279993181
1.64002794800617
-0.530067093144324
0.625463335467565
0.791915914037256
-2.1073455503542
0.685760109746672
0.120838499779541
-0.869927933689466
-1.57783038043468
1.02165382129432
1.27213092856522
0.427475603949964
0.526602587415198
0.428773669127197
-1.40310410006516
0.0160170441757373
-0.470942223562716
-1.14031284521704
-0.027106359149191
0.392787406396333
-0.788983654774246
1.30819952270045
1.72787789919607
-0.351381518059813
0.516684884606893
-0.0837140314975455
-0.266445993132092
-1.34550499196099
1.26903150676793
1.35705371673997
0.405210843722791
0.923139478923736
1.71395651684408
-0.19150060602697
-0.125477769393043
-0.714628978152236
0.87677895661276
0.534433454522355
-0.394372534582936
-1.42038150001193
-0.628272167788795
-1.43724101714088
1.49160094780881
0.296718550149447
-0.23272744297932
0.177640167414383
0.372843910864851
-1.33741568609836
-0.0673225918109642
1.80961596628573
-0.461549177429021
-0.658783373692803
-0.646271181920877
0.785274979377959
-0.152645123791331
-0.331660063165603
0.486847213658667
1.03392820134008
1.02776528329907
1.12227945409218
1.11856199772027
-1.10614865060363
-0.146888424412619
-1.11142793823591
-2.00962206298665
2.18264405778379
-0.519502809178243
-1.06766688125875
1.59314826806092
-0.489819724619931
-0.621793244001093
1.53498162495035
-0.600413194221749
0.763960114321136
-0.704790563391958
0.60958887096858
0.107742578112677
0.615783773344178
1.83605865985367
0.567520932337984
-1.3150025264306
0.643884855779295
0.118597264109046
-0.811500859026035
-0.0694689936528363
0.65045903789092
2.31884658635366
-1.72526433756737
-1.3173695762639
0.261052737061382
-0.137444952953815
0.312990087901718
0.155166297398239
-2.0185202365609
-0.341471382457529
-0.697953258264033
0.764572486904861
0.0991630758725718
0.186817478357814
-0.296368208788
1.39388640860191
1.45543162355153
-1.21783170136947
-0.740885355524874
1.17858718366142
-1.19841890977717
1.59738113891227
-0.818303848823895
-1.6827642381159
-0.350544953967814
-0.77470067392228
-1.45980914790497
-1.15687556141249
0.778575168808499
1.51394284542644
-0.659673394571734
0.737301999655362
-0.26343609878009
-0.391645749660489
-0.795481580826057
-0.997022337145248
0.651966054295091
-1.16105876552955
-0.624970350782394
-0.931018070058352
0.462183764515009
1.16516382110876
-0.546910754741652
-1.01163063184264
0.0776184015288601
0.0219259964443842
-0.0807450545610361
-0.300690613447833
-1.70857104263127
-0.957236573122627
-0.885905637249252
-1.43427933228388
1.342896854546
0.107003131110256
1.02787111927883
0.53138637825448
-0.174459906175746
1.40487740691288
-0.776056457219405
1.67582980776251
0.0743674401236803
-0.732706464853387
0.238339645945006
0.847280055774489
0.580863974522562
0.819459024019294
-0.267767987540662
-0.0298785658011958
-0.783861563907534
0.664572185300683
0.252224434607155
0.954920493553991
1.65628703850098
-0.646605956099953
-0.398101026584369
0.111098933850765
-1.00373185618569
0.779736060280351
0.304520441612236
0.610292445689328
-0.308941161017056
-1.62458645389175
-0.982060438652908
-1.86811496389512
1.32345786708628
2.72928354473595
-0.700038174554327
-2.21875243628873
-1.35628942289243
-0.0728665648235592
-0.832103775058242
0.26658927452762
0.735056445214779
-0.648076096593159
-0.699312928382781
-0.1538906445161
1.36668117701332
-0.510949372236374
-0.0325221734041405
0.809351127046291
0.500078296915995
-1.26411281399519
0.000511801443252676
1.0249485558354
-0.351778827801741
0.234807776882276
0.506589084419592
0.834284115562932
0.446184470477246
-1.26059224212903
-0.282125520352209
0.174346938356545
0.108528147401555
0.860755328736665
-0.470428447736816
-0.232777484640383
0.677442785720599
0.358972925733962
-2.87722624246089
0.797919301737056
-0.373299023328938
0.510193293039499
-1.14529183327412
2.50041072122842
-0.889426326340636
-0.195305649523338
-0.394291377358779
-1.08199408062263
-1.01325259768491
-0.207586591878776
0.590874579065452
1.06638344958781
-0.759893521677391
1.44967764764032
-0.652128931046635
-0.246195213784379
0.403054501601208
0.854183275191434
0.701733483029575
-1.72915078593181
1.49924124025607
1.16113649315404
0.941059539012641
-0.0241502995383382
-0.817042548829388
-0.591737374530778
1.03721024166443
-1.1586345955522
-0.587250540041797
1.91836776768578
0.183912626071081
0.50682966527921
-0.440241353686822
0.037065277797252
1.52733942591563
-0.146869355430565
0.697753463966768
0.990494234798298
-1.40710610547178
-0.629099413258629
-1.40695250535931
1.89685042192012
-0.50743874218368
1.13890378920314
-0.476992438917774
-0.323786189966774
-0.257117231897014
-0.289667059851521
1.085083590135
1.00735541877661
-0.995656995917091
-0.234580925398581
-0.491300781305577
0.34766305815771
-0.349715760175954
2.86405574310441
-0.77317196299368
-0.416465847286153
-0.408633418943795
-1.71678776355232
-0.465187366513608
-0.123664925516755
0.498267195963114
0.838711453517843
0.556347471979808
-2.91675808380748
1.65914033923636
-0.232482845833261
0.950513490918994
0.876442531300336
0.446263932071594
1.36265106524339
-0.258216031877624
0.746317704894043
1.03995233300028
0.38154691902745
1.80518602270476
1.45253706408347
-1.27725141428714
2.06743059166508
1.81509540780918
-1.15759907770202
0.509447479604543
0.108003798493678
-1.68758056394254
-0.073223830105392
-1.97676720561115
0.772473645294827
-1.58237300000983
0.0932408102591416
0.333631551573473
-0.422289480439741
-2.23899694300806
0.907710008788672
1.18309162754198
-0.0457928743002167
-0.595871024768228
-0.498396227889327
-0.711406453105681
-0.0342859770300713
0.877200677351779
-1.31331299679569
-0.996790963573764
0.153079626908741
0.663421957469356
-1.95265806746997
0.847055236707064
0.280799701491443
-0.585461173195911
-0.665976527369978
-0.750287430932768
-0.267041898751184
0.952517768754168
-1.26110270274901
-0.977976017933347
0.137282730297119
-1.27297370961637
0.883655334922156
-0.279577016172591
-0.723163483597039
0.415272234623952
-0.0586101133539664
-0.782101002124423
0.312011475652841
0.516669054675418
0.893390928088301
-0.545323746317338
-1.61587928186972
0.598698259924847
-0.162827738207897
-0.275382097000797
0.910701555127312
0.865673362246975
0.183315720656142
-0.151838948110936
0.45409317800147
0.783241957575739
0.00351678393769089
0.486660138530696
0.718546069695152
0.609669516761686
2.05592556628224
-1.45251100789517
-0.21657111432326
1.03304264501304
2.20575424151133
-0.823903351882879
1.58408210821745
0.812843486785425
0.0361317465313162
0.621960701510799
0.236970667253413
-0.457149679182112
2.54384189337607
0.415000474615567
-0.365809787375046
-0.557860475093125
0.481782844558275
0.960220493322496
1.29583569963165
2.15631941015176
-0.19384241708185
0.431932417219392
0.764441118178049
-1.98076769543101
-2.41506033722936
-1.46061371134552
0.269873278104418
-0.922408098238506
-0.174238679899534
0.47148441845376
0.338903277792486
0.46168863281298
0.35219606093812
0.826495538077179
0.540387763412626
-0.636111088440609
-1.5387541326743
-0.113688376895989
0.0322101476419111
-0.623396419962712
0.492704141911477
-0.906696811076086
0.49814103932344
0.602133835450505
-0.0261510450362959
-0.366420612425408
-0.819666030716101
0.719723491210516
0.85196988323092
-2.28637421547478
-1.43350954053384
0.0843993489791497
1.32793947290751
-0.771035753331452
1.47966404989633
-0.455667344303383
0.847949006425195
1.84518055380099
-1.17679454290336
-0.0463343576011974
0.29268216276698
0.54546212088965
-1.88315114944074
-0.0958602396048182
-0.731271629510211
0.1645811114123
-0.211775837588735
-1.3021880911126
2.33340488149347
-1.45561405243702
0.485836345914479
-0.779395000110304
-1.24419199738291
0.357424078037282
1.67080937600548
-0.647279492978057
0.109120096468781
2.28115903698498
-0.448005545864019
-0.954436004959534
-1.64908118434542
0.382279382455528
-0.20619029346851
-1.69055332645333
0.25322917169074
0.00467826164798939
-0.0759999905351234
-1.39473594803719
-1.33303748300453
0.458088234292043
1.42845393607947
-1.58261544774682
0.736340989103709
-0.401554455998796
-1.62011832086244
1.87063358039164
-1.08124274168402
-0.591847254347527
-0.0717174632959317
-0.218833807738586
-1.07816310920865
-1.09052483469613
0.351043121973641
-1.49767238830557
-2.31683683225627
1.63279517200434
1.45015404251954
-0.404062114773295
1.49574120287208
-0.607007783371502
-0.45443199509988
2.21463659421213
-0.0391420499401325
-1.04054141087105
-1.06070320146859
-0.20550050449745
-0.306270500429331
-0.76997373999805
-0.495248995052992
1.59090340469092
1.16112669790452
-0.433856032025142
-0.682906083840869
-1.61189935899641
-0.482961777868624
-1.57271357109984
0.475692636640574
0.99835100766938
-0.973671453437185
0.839437085364223
-1.27284713901573
-0.291295417178322
-1.20998792771153
-0.298662334811818
-0.80418325643665
-0.723614340535596
1.55572042963336
-0.150043812704516
0.281973394805431
0.448265134563159
-0.215126238922183
0.742426789053958
-0.195229295001406
0.334729033691478
-0.365026971784417
1.05519965678134
1.52814808988453
-0.456264383835899
-0.397774932310444
2.36276053770776
0.372071984542577
1.78709255624248
1.03020376991786
-2.640944547358
-0.173997795706022
1.34969833556416
-0.990920336640289
1.04317189300856
2.02485910771074
-0.223601089842931
0.781941575278426
0.51340929530936
-0.619425509417463
-1.21148775507064
-0.186529416616023
-1.58149790121399
-0.422169049355681
-1.35592619039886
-0.258939231632131
1.73455257449764
0.0229100370084965
2.40463167483997
0.583513062282388
-0.877332960296848
0.701520400522531
-0.796966525724157
-0.00181567325768247
-0.293703346413933
0.30816082737162
1.12368455799791
0.145471977733233
-0.413386756395758
0.012139459794012
3.03222847945483
-1.11348901626469
0.574954222029973
0.102499076483973
-1.13155828546476
-1.275062219273
1.15090906415108
0.786815946993188
1.72337898711428
-0.506379901074112
0.704742257425935
-0.458569942889506
-0.424299136870821
-0.959817654439728
-0.144060623685557
0.356504969552417
-1.23501560351251
-1.66262116466134
-0.293734861196606
0.993367937459105
-0.689317709689472
-1.75490978062336
-1.68637678901802
-0.57947440739763
-0.598761830405211
0.231213135824514
-0.787617249612762
-1.81319400383018
0.372952126720479
0.490397759549449
-0.704029171410099
-0.398252614758547
-0.382620698023747
-0.795898179849939
-0.583642674093202
0.618616060863696
-0.124299808029646
-0.86556862076469
-1.43848075903494
0.0235397569305374
-2.13498858314892
0.30800696114333
-0.261060191989889
0.0784087963949468
0.0836877452942846
1.72027927372727
-0.707212343769684
0.105254062918697
-0.558785850697708
0.915274169478055
0.253396126670412
-2.29474691245707
-0.932152334596887
-0.172974394067382
-0.392335664656873
0.120983089050833
-0.948207618071127
1.2984415123162
-0.690274251289169
-0.903442528892643
-0.78553944825893
0.686523841316488
-0.165521353189226
1.01349535917851
-0.965898478508127
-0.646985485837974
0.706000128874002
0.0293780595948266
-0.822825837068836
-0.718021509836037
-1.35792056073421
0.219269851260559
-1.44474612507425
-1.04141010409085
0.022192667110976
-0.00825233955747839
-0.214833714447939
0.337708800686674
0.549210729364014
1.0259765254633
-0.609323144429035
-1.33204599836569
0.994192016520599
0.0767926229085043
-0.118232647854551
1.57902305456383
1.62727922339852
0.408891313847733
0.219726093592917
1.04301957513663
1.55032153812457
-0.656323407022117
0.480286442683585
1.3531182072218
0.589426983459023
0.756793249178228
-1.61475814250196
-1.84755452126197
0.654237469606908
0.801133419058363
0.531897460769963
0.324575963166383
2.32218094030417
1.61373818614588
-0.386255608513155
0.508653819167277
-0.651931718604484
0.00297178953137086
0.908191964333052
-0.981671443940645
1.96259706144978
0.56220036894712
0.136365459300214
1.85142176615839
0.554049741299078
0.49971207375125
0.885439504181071
0.0166871669673076
0.216301944776766
0.0553081493060574
-0.0352186173798774
-0.193572357707568
0.0477620740975522
1.05799010704205
0.987404673900985
-0.462968147110743
-0.965294396335674
0.792659307279671
-1.24444229946081
-1.25724262658024
-0.48908042873293
1.85464843103276
0.416035517016017
1.96835844294513
1.65045472401805
1.66994171766239
0.885583605158195
-0.507085769333359
-1.78509916472684
0.256315100119868
-1.21646509624573
0.191387571043671
0.214618119803492
-1.21060770744655
2.34118184734847
-2.41436087678249
-1.17476083115584
0.167649085131958
0.327343279867666
0.170274740952953
-0.374660360744974
1.06488363148426
-0.132766064206513
1.69531055671873
-0.248305631883777
0.75951886645206
-0.824492826529832
0.391276051975491
2.04447836719721
-0.775559600810836
-0.619398485573756
0.0391038393704889
0.0294673792459769
-0.0497769356925522
-2.39580696263595
-0.686084977974526
0.120018246671053
-0.459639478232888
0.0473589620419856
1.32411934398192
1.47379641994204
1.41793241412706
-1.58127125496042
0.474547500132346
1.84249528417906
1.18914744518501
1.91239647270576
0.0839650967895364
-0.11189541211783
0.208092736211022
0.918246066825099
1.12472292510045
0.638696247075892
0.238708144209345
-1.43826231485753
0.974207337105743
0.971785132761714
0.174893985787087
0.404066555505774
-0.0352860249330245
0.823727617530478
-0.0447965301206703
-0.86946416069206
-0.156046691980163
0.0754545905906204
-0.682109745154392
-0.0147244223521416
-0.422849538671067
-1.50736904831116
-0.590421623079463
-0.42565152378684
-0.313227557661397
-2.55955703386168
0.917177992420669
-1.00475357052689
0.445243599658857
0.00649459447643506
0.171610995782197
-0.582928399585187
0.136343562717903
0.379016587299149
-0.307635310408023
-0.313546103847412
1.38887285153751
1.02428212282851
0.643565906665637
-0.28466952554914
0.481471640741645
-0.179088109184884
2.29255489808614
0.0858362064934323
-0.88310112916289
-0.513407887411704
1.19789315553482
-0.0451505558284551
0.248073592682149
-1.50882417250441
0.311694579793911
0.522248306618134
0.65059632376438
0.129597739955144
0.325854541274538
-0.383190966928456
0.265798008443193
0.343759574931819
0.944756209742254
0.450196535038566
-1.07777910860057
1.80940845216806
-2.69371423477007
0.212407613531332
0.969470190641835
-0.906304471321521
1.89721768827383
1.12854343081287
-0.35069901972801
0.123769879880804
1.14241265433077
1.27082895232801
-0.337124117182156
-0.041196660213471
-1.18976992606861
0.845926823480248
-0.0724974299384491
-0.736966658731148
1.50128445050105
-1.2409008263244
-0.0808607923769286
0.0902878448099934
-0.839321626224063
-0.474442604409388
-0.176128108287034
0.543526919884953
1.62417566928092
-0.99706172279162
-0.584609016508407
-1.28410357415056
1.10966911944533
0.790428216031759
-2.19815371183106
-0.568589021796994
-0.503903731597598
-0.0846528234147376
0.467462287903901
0.778327905649688
0.476238969403844
-1.81066532683087
0.0043873719417477
1.31298896789138
1.27741675864913
0.353281289100684
0.680359109476253
1.19688934551276
-0.243667138072488
0.504103767678769
1.05379147093475
0.862148687095143
-0.48127156029692
1.07608099368342
-0.910990631259668
-1.64285591898694
2.27112356168244
1.00806232345628
-0.937393355455204
1.31596416351522
-1.2249608116005
0.0359086505688692
-0.252425184662794
1.31730186990945
-0.757060437074455
-2.31065352829366
-2.03553726342141
0.399988647129379
0.470969688567414
-0.412601572840939
0.0792088019068396
0.334820530005538
0.684594426585672
-0.0463580959803907
-3.16656255648892
-0.186884666527237
1.55478766390237
0.116009207327572
0.278302276843041
-0.0870781079918531
0.944554863022283
0.831412385106468
2.10208720258765
0.565575816551745
0.759501428030181
0.890343223910936
-1.1984655521526
-0.528953151129109
-1.52688097993227
0.431787980603234
-0.451773649302924
0.109134602672317
-0.252395702610991
0.825259380255208
-0.416214528331221
1.6166033897598
0.38476865512663
-0.829866562444804
-0.138426723463674
-0.717375594783371
0.295462910036981
-0.499414977159548
1.31094611934513
-0.508848418520682
1.99778501008163
1.23190817248479
-1.20361250944403
-2.40630291367524
1.18856376978749
-1.20890491265812
0.199079922096967
-2.38123405775521
-1.04795567492532
1.29628322303656
-0.200471154218646
-1.67898283947134
0.0214353888251013
0.153287112220655
0.250373348495375
-0.429477945709964
0.573908290173318
-1.18257598063254
0.701023623675096
1.18370256298146
-0.420039960752259
-1.71018194115829
-0.978779702975017
-1.49222820577984
1.47637065691931
0.977964740455201
0.219673532509811
-1.4142503671441
-1.80961327747442
-1.5213957000941
-1.51144444609697
-2.01110169327487
-0.270870768346417
0.300577179844284
-0.123336842172616
-0.445662248007445
1.24126632507464
0.869909877847555
-2.24687679748688
0.277441243126853
-0.86857902989404
0.99146620740444
-0.418847514130862
0.879962719110273
-0.617171797202998
-1.4367324265217
-0.527083970247485
-0.768248503133348
-0.127807705308949
1.19145934218508
-0.296178892967573
-0.0799473287234247
-0.691429513006228
0.433051641434053
-0.79894748164353
-0.588290004440719
-1.74756133439757
-0.263892468732119
-0.328273645270412
0.0605323960813996
-0.927957059764977
0.101427032586282
1.41532044455098
-0.0439088946410194
1.15923693511845
-0.417916651593016
-0.119306338847358
0.062050791984057
0.751160699285948
2.15830508806099
-0.340813578020042
1.31252505480705
1.28598366875009
-1.11514308245565
0.100409215149417
-0.483049176481574
0.867850459133168
1.55394120818601
1.0041101347439
-0.688943511641194
1.45872661195472
0.732200681764449
2.21644766590927
0.199489297147554
1.26392331725543
0.587012263368166
-0.217885260973635
-1.38717696279869
-0.521587096968035
1.26585966343858
0.953061241483276
0.0287461795374009
1.59687402132873
0.0178030929432959
-1.00546656587326
-1.37217692843262
-0.127447609584274
-0.857038439933761
-0.255397939109465
0.592317450096404
0.0113987663207166
1.10183605703049
-0.628868831202148
-0.0985777117589194
-1.06270387677547
1.42129430042294
-1.21725679564803
1.07819837657248
0.106797017989456
-1.57248980312787
-0.882950435267014
0.718677651346708
-0.379493111658361
-0.215602540064034
0.923829131623436
-0.481252223634123
-0.458308340910323
1.50996699663872
-0.60342125365089
-0.609324677985587
-0.416659809298672
-1.22666062133149
-0.0631016959568915
-0.725991775379598
-0.342438568472614
0.984839431563678
1.63210663884311
-0.708813654008534
-0.634239282587169
-0.694960994129087
1.12550730292419
0.630805024803192
-0.00321595143887237
-0.893492056269581
-0.828238013985773
-2.42839559034796
0.920421609340418
0.367127725378546
-0.41236387143845
0.473185474320054
-0.192672462934031
0.0413805653511321
-0.861629354127117
-1.57807185437883
-0.562781047721861
-1.27429411649803
0.394845455802662
-0.860208966995694
0.434283524514085
-0.932450174849651
1.2627632818225
-1.05974562584293
-0.498440900935236
-1.48243621224899
-1.91423204337304
-0.210018463292568
1.54094070161313
-1.47117703448117
-0.976835668981004
1.07390385811087
1.12221944482985
-0.574700131837574
-0.401351521612089
-0.35118803506244
0.475077581882846
-1.43119468990159
-0.699335873798664
-0.927978173138468
-1.9467646764712
-0.986416588552833
0.0432370547182155
0.0529798167483871
0.767787174112203
-0.0190232716356611
0.566304215583636
-1.18592516921776
0.159325611779412
-0.998650245874268
-0.187072594056677
1.03729890694009
1.04370683695847
-0.020053273437052
1.70522342164697
1.63728676892419
-0.243250846610299
0.454606757776658
-1.8289863951001
2.38105224541289
1.75185138791075
1.4927174246535
0.656321333164959
-0.0917533576472561
-1.14322945689502
0.416243281524868
-0.938846546940753
-0.445199035850429
2.33348441933087
0.8267268051955
-1.37359947399317
0.164682655758319
-1.58331310614854
-0.343390245717697
0.0724066573621414
-0.559107729940469
0.282459003497353
-0.581481462650009
-0.876214657752171
1.19417711080179
-0.0207367271636751
-1.34961201842918
-1.90675962483536
0.284537270853176
-1.14266516303781
0.860319993774685
-0.66869229502638
1.26249520742216
0.831009640339101
-1.0558116146651
1.47143789850932
-0.135548952695902
-0.0923022382243467
-1.46698140658265
-0.130505055521313
0.221541204737904
-1.95443336647056
-0.57286306217851
-0.478820212541196
0.0817080721186177
-1.43939483612947
-0.622988986935726
0.699125613789428
2.01468534893951
-1.11035789265504
-0.803855979214424
0.450304386797539
0.153301990497789
-0.800519290379396
1.1674087332379
-0.262411646925267
-0.542615570311297
-0.232011858453726
-1.61076337035579
-0.539030795731697
0.459243071073983
0.875097675727655
-1.0018868566687
0.778291642863256
-1.28939204320777
0.610380230461762
-1.39452098583672
-0.601813656416741
0.426828996601901
-0.604554959567637
-1.88133021372634
-0.206137006705075
-1.40092979674728
-0.673301004382693
-0.0791031545216595
-1.60583863638378
0.579639062475644
-1.37962708752032
-2.21878137844345
0.431275611953355
0.974195616004933
-1.12075239922717
0.933026449314237
-2.23440742251531
0.457281686122688
0.45658779089851
0.262354023354184
0.750594763752251
0.658819672127692
0.0680729820157306
-0.823564039390291
0.142808888594513
0.372997383455524
0.0630343714722722
0.652401328554727
-0.555090639900226
-0.209137113903595
-1.32202903623916
0.266728126795896
-0.764082414532008
-0.0387001159333955
1.49799146768955
0.199290557708677
0.248845711892203
0.245738285334138
0.586922016291543
-0.0500385459562707
1.44777814088677
1.61749243949435
-0.901208395287787
-1.23705967759893
-0.319804850253047
-0.503756657578641
-0.899041908289958
-0.529145729629001
0.191990001693596
-0.567689326078923
-0.463953266752632
0.144643706300145
0.790469598386152
0.441303219758696
-1.24080988326587
-1.13515799307864
0.0819106115698003
0.80594183493547
0.0935226543756182
0.838452805462648
-0.663239011973082
-0.229645979089424
-0.211386689517646
-1.58514468377596
0.0944584797399516
-1.57018901293955
0.588339439665761
1.53066943676518
0.813176054994124
0.479327743402396
-0.319006481612116
0.606411881870512
1.50290210391179
0.133633652950074
-1.25814771225584
0.868218612607144
0.467944820043379
-1.41736802143648
1.02800073277395
0.795192403065405
1.12124203522005
0.438766695731412
0.957825349879946
-1.61474238737502
0.410500528533679
0.169192825640868
0.507998834017292
-0.238679189127702
0.14709961759806
0.0398850539095228
1.3200971401524
0.0359857188525935
0.822146127246938
-1.33897249487386
-0.279595487098117
-0.498606732916711
-1.22351736231734
-0.0429401478897247
0.428717955482494
-0.135514572509966
-1.14364621552659
0.489219571973697
0.845413063706822
1.84426274775386
0.990690420198491
0.0657199472675814
-0.352378125289376
-0.143505967725396
-0.634166318935492
0.213594140157849
0.261421847699619
1.05638564775226
-0.218435421701877
-1.18476488998191
0.18135242017244
-0.654371000637058
0.346305285297883
0.143416811651308
-0.261988461450795
0.957777151545607
-0.333474437519526
-1.41048443961843
0.196630887580525
-0.485485629103257
-1.25059710331222
-0.0903786359728086
0.0634160676112821
0.662958122942283
1.27705004593729
-1.68964199543334
-1.49369809316656
-0.268823362125055
-0.297363553741021
1.22376272742983
-0.43281195587462
-0.790485764258767
2.03203501885508
-0.521938902290567
-1.54419224972335
-0.852140514343631
1.08111520732084
1.06739705541409
-0.178687896815234
0.281943520693625
-2.04749741464078
-1.06864561559118
1.11243407665497
-1.14422074537105
0.273064173427872
-0.553937456213322
-0.0497001155516505
1.26500399243706
-0.295978967395383
-0.0289713139922891
1.46401253858168
0.736296098105909
0.400450712760314
1.60882148900064
-0.107685458513066
1.08417223098767
-0.961075668111208
0.0866696951884677
-0.406495796500757
1.02046480323238
1.08471807406131
0.587938153050517
0.0753257536417252
1.20258070752811
1.21949117483697
-0.933312786351679
-0.161637986481946
0.478400971645164
0.483796045025802
0.835027660025105
-0.269627783942219
1.08241215160747
-0.376793633084739
1.31217169923353
-1.3483338995088
-0.688955206046617
0.000311295820234641
-0.269818378773361
0.708561885350937
-0.373821476736392
-0.11761062783209
-1.36331066479104
2.10694655612048
1.34761435022105
-0.924344841635234
-1.34059973852671
1.36554925398219
-0.206065459670443
1.61769521029347
1.57613436722377
0.085222481975157
1.00141757238695
0.133066914872107
-0.0902684109448171
1.33329170309206
0.756959277508102
0.49373715119588
-0.480795618185091
0.954463831716805
-0.421216124091887
0.148992358151784
1.65689239061632
-1.21804493045132
-1.99337736483893
0.320449161383999
0.908493354311286
-1.83831333183649
-0.651597294096806
0.00730703017472086
0.614247151732113
1.16265701922577
-0.637662072742631
-0.349792829332005
-0.70320696268777
0.922835201523668
0.608664132804528
0.524733860145897
-1.76005654705964
-0.251692173179574
0.934180356017517
-0.0698508245611827
-1.36274235959839
1.07605267023272
1.01412316649107
-0.741466888003651
1.18514659932004
-0.769244151798485
-0.337250198667676
-0.0651035683192166
-0.200422241272959
1.59436933893447
-1.08462042331602
0.346560274772242
2.07703799124494
-0.315233234060682
-1.80978849456166
-0.391867451843717
-0.63688872747128
-0.131551424064122
0.0855206356758889
0.0256636225444371
-1.45113350342161
-1.5145991284746
0.786644332622296
0.934034964227101
1.58481490876891
-1.00158836405026
-0.509846994632149
0.101558560531862
0.0364182380146593
-0.964919110948554
-2.34171481545077
1.36935741302637
-0.849249099892375
0.577727877120199
0.720954640984875
1.92383437442633
0.352607137133277
1.64293763005993
0.584410699590071
1.26539914013303
-0.908110647062805
0.554338103595258
-1.19195058304045
-0.115959001160013
-1.37382241834123
-1.6251069172019
0.968310819997259
-1.06171915196616
0.204313515884754
0.670046907284256
-0.417415255965865
2.25127494323156
0.907143699658745
1.69181112455344
-0.44960405832948
0.901478932643532
0.359119592396135
1.82004117779639
0.907808924646124
0.220278134474839
0.304581092583748
-0.517008060470155
0.722356913984388
-0.450249545595028
1.14188185830014
1.96115605047206
-0.752572321450562
1.17407832914677
0.737732992476707
0.341712908380442
-0.0156380506480596
-0.146840473453075
-1.4358272402231
-1.01686607822863
0.351251800376892
0.0748628955108679
0.589782054342218
-0.944105747076336
1.53921920647991
-0.666400558506735
1.63782742229144
0.491759345464351
-0.375696477580836
0.598476325392293
0.142399067682765
1.08558838198738
-0.296849981097535
-0.0941002076684187
0.378503804163424
-0.106337734549474
1.22482155231027
0.037321695591418
0.434454077355685
-0.671587226097783
1.22198067181442
0.361244823133277
-0.8255084754216
-0.534841979699177
-0.688986664689112
0.359438091886845
-0.843251568412049
-0.130441566806238
-0.902424022671422
0.113127128644531
0.170058829512761
-2.43589495408842
1.13400461150155
-1.11252748091825
-1.1490991948758
-1.0836304152696
0.289490912515877
-1.07183428836626
2.92894587946547
-2.15754272450705
1.14957771088201
1.3335243408987
-1.00232446209395
0.34645788057633
-1.0086904551339
0.289407569904653
-0.511733939699571
1.08943098461183
0.879355462795188
1.51549605760424
0.429441162827704
0.679790102826612
-0.650936336053323
0.251081224028182
-0.566089340234867
-0.320708305279105
0.50072965821827
1.02121229624225
-0.506649952599326
-1.61151147462217
-1.83480124518454
0.0313059191199306
-0.0733320322000179
1.26608203406995
-1.16791158100089
2.10433227167215
-0.343631026756363
0.149716002282805
0.163328460277
-1.22334897620418
-1.59383816002766
0.47843818329758
-0.333103075284976
1.08366255950199
0.307166051532991
0.599133003101988
-1.73161836384969
-0.702691129566857
1.35384989097311
-0.183559104284713
2.59642682076518
-0.636992038242094
-0.933983435051052
0.167964782725919
0.858216351465782
-0.147974881480303
-0.951238010375081
-0.481058550757754
0.480068302631312
0.212369494877176
0.353835051008924
0.758008502464922
-0.137913554486886
0.46926511345557
0.662042818691436
-0.0761032493238854
0.0841327358097628
-0.598484104444266
-1.05643161967795
0.503992035056412
1.42791542104095
0.82818793396798
-0.449986001654123
0.0799669031307036
-0.461612113896544
-0.0994032380148779
0.716748053293623
0.935494739814996
0.591469753349749
1.19269300753403
0.715088583397804
0.992142913967144
0.157183858417346
0.246511190279713
-1.89647497686495
-0.125023343146365
-0.865530165602842
-0.2939461998649
1.99472521055497
0.88301134274238
-0.880012451696952
0.122706554118839
-0.921885510664742
0.852495398160664
1.13077930125149
1.70556247877498
-1.36586047898548
1.28096907387216
0.625633107475242
-0.049978982275238
0.336094746255541
-0.0563685689690175
-0.0655839893236553
-0.183483493815991
0.378010120974636
-0.555152102951448
-0.993767843330338
1.57601262484457
0.396618584704164
-1.7562461949803
1.38995649640614
0.0960262934081206
-1.03204946260175
2.19529091802759
0.789204635599296
0.260598846336948
-1.59113841174925
0.688550724123463
2.46687250146849
1.03777154805218
1.22964312579361
-0.6312269349795
-0.295534720078689
0.0561493589805799
0.118463326505143
0.692660403069353
-0.949315700113017
0.72632000889132
0.721498639984622
-1.43855442529964
0.678685025115306
0.215507053737638
-0.348753661113951
-0.74110365830381
-0.387572557952274
0.917907871759632
-0.388063821741658
1.85539440081015
-0.336278061308498
1.08453989321311
0.606454480215115
0.740202213209802
-0.193819657859136
-0.692479292820137
-0.0808796273024799
0.439791826497985
-1.27936257664062
-0.673447116866077
-0.0358015628322169
0.302283576144783
-0.519969821277346
1.20340582645291
0.267101224625007
0.280651991342399
0.2239293259622
0.128324712223854
0.275097476266402
-0.169765341475286
0.372761190766368
1.60692773924165
1.43417526187898
2.16927111792107
-0.731637094836906
0.370947851803034
1.00746765145511
1.3568556781944
-1.20317618432354
-0.94719604789835
-0.412243778495917
-1.42651904067597
-1.37284102576636
1.50126665781618
0.166893684142955
-0.443383110873862
1.12989954748487
-1.49156651975867
2.16704436855857
-0.466205904144598
-1.27903876832722
0.535274926287607
0.717807539307098
0.967353535002577
0.928866239359543
-0.274679577677826
-1.54551808127784
-0.944204016058601
0.0300538119520677
0.0264630818721089
-0.084270278282742
0.016157862686316
1.17529764231721
-0.96729228165183
-1.0160371578004
-1.16339681096835
0.549965661825086
-1.35043528646192
-0.825593877599984
1.18707276831428
-0.712277324676798
0.763900598075718
-0.44488397189303
-0.0544017055813272
0.616372134419002
-0.0967235104605544
1.26731412297503
-2.99665403958377
0.667506434696468
1.13338800783863
-0.260242491466019
-0.915823457832421
0.071997758037085
-0.2741378654296
0.732624122128382
0.989605774803786
-1.30198355135092
1.23437841945584
-0.743273959535314
1.75636125466614
0.463641873975334
-0.900993646230374
0.0793039309896509
0.488072857180554
0.506748022012676
-0.401723980723934
1.42936177044527
-0.414359166139368
1.24654122027097
0.948278580102027
-0.129221743705126
-1.5175219156384
-2.18629853948256
-0.642462734714708
0.126766266592166
2.34506670570038
0.385360061263935
-0.547519321305251
-0.251969714834315
-0.260064310270832
-1.04867405565498
-0.928017901945249
0.166183831418458
-1.40996517906298
-0.104454433426899
0.0501400924413393
-0.203124958946434
0.725054717636792
-1.82661753191226
1.75370974615622
1.18972715993774
1.0222497709001
0.553363830949798
-1.20684850691892
-0.0284999386713493
1.51167930321198
1.22640231495351
1.87028483805806
-0.430448332176711
0.356136680071108
-0.0121597120131431
-0.501454141112653
1.28847818353923
0.424111534368666
0.0350209030937458
-2.76274960513966
-0.341332886298885
-0.0584653261202976
0.824458016064372
-2.6444843015938
1.18849977651727
1.42087400175517
0.311846686245745
-0.696143275599976
-0.507440075457214
-0.436306714191229
0.530723292395661
0.126650685829841
0.113185118402769
1.147318044845
0.271177756721099
-0.921091035771587
1.29293846604366
0.624645742717587
0.188554858087756
0.621296497611722
-0.31827840723438
0.167696365705788
0.377473108026584
-0.498353878043458
0.215702133238002
-0.455262426701823
-0.301412637678816
0.171094718323679
0.328730965219908
-1.15070920266539
1.93060315767553
0.736497504809241
0.980919855083942
1.48225652921712
0.948527848318889
-0.474843895987574
0.215697271234703
0.208519713454375
-0.202901720797022
-1.25336989848279
-1.67344963119182
-2.06846040366967
0.835870014910613
1.34087090287346
0.573041386235223
-0.481562882331458
0.883922500393247
0.798624091561999
-0.965233153121495
0.627582420431613
-0.433919181691758
-1.22342424948559
-0.575414820062543
1.52451623215371
0.813494226450639
-0.83349239019358
1.14484504477858
-1.31103992530048
0.0861620038371072
1.09612312577102
-0.93703124387151
-0.099275132853517
-0.949045066038864
-1.05345216194783
0.410447802359703
1.20139103899078
2.73063994444842
-1.4360106352487
-1.41273133639107
0.817991038506629
-0.467032321841995
2.75276252409315
-0.336120005425011
-1.35998344986953
-1.32803929394976
-0.124565300871079
-1.14735389915762
0.00131625213038215
-1.9773885775845
-0.144174096034721
-0.254773217331652
-0.568952503941985
1.70599006893611
0.935352569770197
-0.0165304272285523
0.176654397669908
2.76120902395891
-0.809460600292673
0.201672981588878
-1.03655526485864
-0.0773984543750608
-0.183295836736553
0.895052215555891
0.448069264516476
1.31506082276074
-0.710422550559741
0.874564293963594
0.0344229384400954
-1.3120022048437
0.151462230394007
-0.689880979291889
-0.631719090075989
0.631610172500831
0.765515639090138
-0.771009028766648
-1.53598041749131
1.20986016687781
2.5897832411622
0.846954426258459
0.556368864479292
-0.214214906276628
0.403862865711702
1.21393028424694
0.380400395512628
-0.519775441171384
-0.502760800968827
-2.01007180502768
-0.212081632665509
0.586317264997075
0.60804424979118
2.24179566270714
-0.149125175314508
1.02834529990089
1.53336360905625
-0.616480716664017
1.03605445855082
-1.37558620748803
0.656065539657434
0.45876687901546
2.12496092766689
0.259998531891849
1.30894295475069
-0.0395945504650729
-0.804744212260204
0.953071161364356
0.0119441961481186
0.537702538115894
-0.578034907025378
1.63323696566842
0.182025767428482
0.32123046690206
0.891445859277067
1.93867378362399
-1.63575233354634
-0.839256111534294
0.112100286584912
-0.544385282900144
-0.848491378594967
0.83044481482686
0.503628760118045
0.0314304578806377
0.986571449676155
-0.775105358798962
-0.405615622384112
-1.38990775652012
0.597309178017991
0.0711954195134469
0.209897022343101
-1.79721496024842
-0.0315127073518184
0.737949700059521
-1.45228782485459
-0.292259290772298
0.228106679525891
-1.6761060759458
0.394428956719683
-0.132816880306619
-0.650083033556578
-1.31191409827244
-0.674412293491548
-1.38393386004172
-0.462820248456804
-1.8827857262685
0.478111979158585
1.34576736418242
0.117139205191697
0.646277204421168
-2.33636585231893
0.564133215008639
-0.438959902480401
1.56548068552573
-0.0997561970754667
0.218815577355964
0.0972086317047543
-0.420453045048758
-0.0559077721922034
0.498939622528339
-0.900481852288725
-2.26481419481103
-1.24061755754781
0.429926170270476
0.375363666203974
0.762151863647579
0.0148997509811982
0.48267134744555
-0.576643467028633
-0.701251905200821
0.967934881672039
-1.63484434509306
-1.66864459343532
0.760072562687431
0.12525664783529
-1.10454841341776
-1.35063690225668
-0.510907165064933
-1.02695294822534
1.03696537044905
0.101397994132115
-0.773938665816712
-1.15300286480519
0.191568500903125
-0.299802784282223
1.81128072500328
0.293819114317169
0.583697778298652
0.98454952476474
0.54918022799187
0.233669802891579
-0.847257056145811
-0.969355191251439
1.21501088675376
1.49454697610803
-0.293016615718661
-0.937307307456551
0.603941196303536
0.37652824458946
-0.991127278416435
1.16023417624571
1.72998731203693
0.0644761776670517
1.06964366882083
-0.45917621871571
0.67930487164411
1.26300171318469
-0.0242088262571775
0.979186745210197
0.274350115740604
0.399718606383906
1.40122985381315
-1.04627994188646
1.34045963470543
-0.0615922674121869
-1.85161299535786
-0.0240863649319434
1.17762607358057
-2.20218953575124
1.24694988729627
0.857335234983488
1.27591749526089
0.708533748225111
-0.369308164856022
0.461771595114503
-0.14997445702768
-0.022306454639688
-1.90968240827806
-1.12556058309997
0.0868911793756309
1.80918451868759
-1.22906469025522
-0.575063086175143
-0.954796151291333
0.184152068331841
-2.76935561522902
-0.488756969797519
1.35232509088208
1.02377985428665
-0.726829251164482
0.452220472409269
-0.481351155800872
0.236688713649756
-0.202584088502865
0.268980363472864
0.303815879451628
1.00988402052409
0.933385912131268
0.422368809002225
0.634362887730276
-1.31510187627074
-0.661003185485952
0.704923513693454
1.40606660546726
0.105790937647077
0.0963471588168479
-1.28510985717992
-2.65988561986208
1.07414006645253
0.375971713336292
0.56792253270297
0.689725897368994
0.222583618853699
1.654226429557
0.972930919968662
0.0506305490963319
-0.0909339199183462
1.23085540675356
-0.88675716991546
1.64067674091048
0.303816985144869
1.71573922255279
-0.586985284090578
-0.081696779293092
-0.0122183069008486
-0.442790399452343
-1.62041187882104
-0.326361102490043
-0.346399442255909
1.09928970156509
0.905927972610136
-2.26542278890078
-1.55397750956869
-0.221274345502838
0.127364449410855
-1.33534369319481
-0.232052368023559
0.141915843029747
0.189062766769959
-0.0852667715833301
0.288526967071168
-0.465473959240433
0.0918173618429359
-1.39672310188606
0.967014702638779
0.474091246804414
-1.10969935896746
-0.940603381737282
3.21579792253869
0.141888094568152
-0.103588278795385
-0.440268703296658
-1.03487280698699
0.428622744914404
-0.497498294008961
1.8648088884967
0.621866592618804
-0.871771965660495
0.578089394338613
-1.44265854557832
1.36402555109278
-0.996571634220725
1.51205047028339
0.325504361019104
0.757557737365291
0.632266689009522
1.03899252085002
-0.655528718642262
0.942337787449272
-0.1569997008903
0.732564671837779
-0.208005930684627
-0.965974343272311
-0.541746403961573
0.164333425119888
1.74101440400861
-0.993498911751154
0.326221090252177
-0.2891038183062
1.06061865961572
-0.344738230048764
2.76149558675363
-0.19369797214897
-0.821075372886802
-0.109087834517568
-0.410121993923144
-0.0316853035305097
-0.0875681344066338
-0.780768988628112
0.454518470132018
-1.59125652163248
-0.158647683356243
1.18399316105971
-0.98678424722008
-0.709399784036273
-0.770449087780682
-0.22888780056159
-0.765775689013713
-1.30088941382568
-0.857547156556235
0.738486431043232
0.197892118059825
-0.710037550934056
0.524150502124229
-0.673243226613111
-0.0131931467923957
-0.359165396258142
-1.62478877454155
0.928082902489983
-0.935051666764529
0.194774059593363
0.489663561525487
1.15734021045434
0.214338868919492
1.29487601717312
-0.916509368928406
0.985266963920345
0.734940936270409
-0.299782917242201
-0.385418038054939
-1.44122862554524
-1.09106715565043
-0.158641447276893
0.583019463299473
0.0558200491580992
-1.48080332580798
1.60904012901501
0.801067126024479
0.135278189423021
-0.624513899044738
-1.97457629222488
0.342239223616831
-1.84752707163147
0.450728483891566
-0.91578952262356
-0.0812923242249682
-0.40732007392734
0.423651978627609
-0.625220046196812
1.5346371393957
-0.483436963796687
-0.8049320480588
0.856901703924031
0.138268932640134
-0.194253936901957
-0.429491791667119
0.777157748990419
-1.1082845199888
0.173729980525342
-2.04718138570857
0.942389459939932
0.103768247546187
-0.259522508104005
-1.39322958013994
-0.437450912957461
-1.46064257441713
0.686634023195534
0.0376013609523067
1.85213537870101
-1.06165505851836
0.964745013979646
-1.06433429282051
0.970057349848415
2.1279110094504
-0.803697023595385
-0.301508191600186
-1.53843725497371
3.13663559822714
0.732169688752677
-1.40741518347685
-0.00971992861451731
0.347354934342909
1.20796419167824
-0.178775592140838
-1.48395705911518
-0.241099890146441
1.14334122897663
-0.551790302023328
-0.69333682112549
-0.965033679413279
0.196325286271133
-0.734440913385119
0.822273179719194
-1.0956070379973
-1.2231294322966
-0.23645918507988
-1.26240778212763
0.0842271790083218
0.545573380618638
0.373810010117296
-0.11094036456521
0.374658155665117
-0.419957333493305
2.17263909200813
1.41535541597042
1.77146492035612
0.985981864814032
-1.61669809333624
-0.840261754282615
1.69942508900829
-1.38215738969877
0.0353482909418472
-0.0479026030698549
0.0213201436196957
1.50998740543944
1.20072485513014
0.560478533053755
1.06096360814804
-1.12579290674134
-0.0262408642586728
0.779424234000004
-0.4519300468282
-1.75931365281606
0.889380363309122
-1.250295879026
0.560381087654193
-1.01309450205915
1.6322292244115
2.64235590238107
-1.30150859694948
-0.653035693250877
0.895733949959076
0.518423851956109
2.15630282850001
0.407140724295768
-0.155600403314596
1.63499524681537
0.0177883286999357
-0.70532647290031
0.836001047473784
0.818131266511529
-0.802286251319643
-1.19718994909294
2.08681037022265
0.819858174170756
0.0191070997426543
0.5269951468679
-1.5588026324222
0.399421352140523
2.268840392507
-1.71294033737943
-0.687643750791091
-0.026560949801004
0.276293184315105
1.05210938356683
1.07972627087196
1.67551757888465
-1.64779214252476
1.64031341716135
0.204816149282657
-0.446022930080283
-0.907194783460009
-0.32248903757709
-0.706565993184261
0.515063681876971
0.264358287683586
-0.10622226862934
-0.870112732405701
-1.3396179871226
-0.921735118495593
1.33155268576502
-0.75008857934291
1.2250754880057
-1.20545857814015
0.41540907384219
2.34537942781443
0.0916132931159701
-0.752698794661216
1.8224161586171
2.3507220144351
0.710106513263927
-1.26838063363339
0.271116854198807
0.1321683374395
1.22060941477666
0.863721432538014
-0.0771710550608617
1.17113829551236
-0.296225761161777
-1.09281085293128
0.462750983558951
-0.516859397411743
1.38937639042737
-1.66753223167254
0.212702255793901
-0.948651005429357
-0.215165110280271
-0.3691177538683
-1.70050779352111
-0.0264582297372521
-0.791900581213229
0.900634880143548
-0.104729588904164
0.713974760648657
1.62897454599189
0.481969601429417
-2.70075849844684
0.358740134811902
-0.845485039889178
-0.351445472987292
1.36614442981135
-0.203404580801054
-0.590631443085799
-1.84442031206982
-0.281049732396293
-0.0652790210434289
1.28443287272685
0.26563295021465
-0.199596952614279
-0.54117426438382
0.188075429059873
1.85188729800949
-0.241717343913017
-0.714962900674689
-0.00841789959221469
1.09153196230401
1.3708756064328
-0.555444369680057
1.11147685588455
0.271236069170846
-0.450946693154936
-0.0768296504356646
0.2635108966997
0.926065961360612
-0.370663712715201
0.913597004295036
-0.609627415740269
-2.91023262977692
0.180580988079425
-1.58525769370336
-0.916048584814059
0.942915284339596
-0.907813494920898
0.360256961054335
0.514757992833317
-0.404118541531508
0.222234099455031
-0.0255111564389235
0.682035179567246
-0.386591428180342
-1.17288418931979
-0.1034208584953
0.367192031169752
0.383983945190636
-1.19345778692376
-0.139091829843856
-0.755179879680424
-0.610315400545577
1.02079498179837
-0.78589719032599
1.03931780969129
-0.710779666207795
1.10877503880087
0.512889823997221
-1.49521244446984
-0.874881867094019
0.862566348907811
-0.454547428697179
1.70222138959358
-0.903395449433332
-1.1830966371743
0.178988940251045
-0.41251741702562
-1.59652662449681
-0.473733941413322
0.0360364383932917
-1.08260997728523
-1.42466106246269
1.57940057249299
1.10432548892734
0.833177624903657
-0.550182673055411
2.15386463330632
1.57734968861788
-2.15708317748713
0.123420054250075
0.79623076494831
0.593901328863736
-0.0855038872635595
-1.4387998974464
0.600559318641725
-0.117939994774412
-1.01633856416039
0.14752427814796
-0.423234101303557
1.67797325305163
1.40083063685669
-1.14251449219179
-0.489445958755444
0.653144737391465
0.125711021616136
0.0155499696426917
0.119884713010024
-0.570677450779638
1.0063660058065
-1.5355029726343
0.404342677824308
0.694145640389435
0.719974516283476
1.13193506874851
0.272326340005788
0.10304509919261
1.77778255186207
-1.52358633868344
-0.627594531192828
-0.716868325652292
-0.217069370612814
-0.279450266068891
-0.0403620608648876
-0.169881022791337
-0.347298497797141
0.441426919913446
0.252908582907952
0.529473826245055
0.350138363134099
0.0168704743597255
0.207432817625239
0.411029052714237
-1.55867025499358
1.42921428241382
0.917831553514804
-0.0516722878284586
1.70868824005067
1.74029458894135
1.1301892844308
0.656199303258682
-0.627460967777116
-0.512182925076888
-0.11985878919001
2.43201644307035
-0.151532112595013
1.09910553590987
-0.546342429421133
-1.41471776178933
-0.13905362905609
1.58605772467356
0.669001097345674
0.198205209509743
0.483953692673897
1.53862853738679
1.09405860898681
1.04884598717895
-1.07104869857297
0.505421711144389
-0.299629821499951
-0.181154521828252
1.24433025843039
0.542060723837066
1.59268212111765
0.149812985038945
-1.96670636626671
-0.81807669593351
-1.2080802272165
0.259650216165483
1.01407520887951
-0.664952543656673
-1.1878717527897
-0.0781226882661654
0.975971674002137
2.00063901288361
0.196883673511882
-0.0820288847614597
0.869241961221742
2.66308262556815
-0.120621439524351
-1.72326906220153
0.0175208228452628
-1.63083433077892
-0.953806118056501
0.31348865326071
-0.831498658541024
-0.681748355092475
-0.800419047718967
1.96775471413894
-0.702350820146798
0.163720429664055
-2.87664300382712
1.31929539316745
0.941534869699111
1.28429070989446
-0.400892848659225
-0.543179413230273
1.62122469277427
-1.99309409740893
0.809970287954675
-0.700816287334254
-0.0270805687100321
-0.203726029012894
0.820117033711544
-0.542126136381812
-0.124906763937162
-1.6538853348012
0.870438447907974
-0.841787048267634
-1.07600156430381
-1.16584040948755
-1.06438104613846
-0.164216945319264
-0.0754937263698008
-1.13740790795618
0.47300135374015
1.16142293167125
0.34243869932271
-0.145201224621105
0.601066426338627
0.412028651887965
-1.33532589854254
1.6083993150278
1.45228659211135
-0.577239923926548
1.12230956081323
0.749415140721693
-0.801013493597848
-0.432378218728965
0.65625254530501
0.701643635991396
0.931404790421085
-1.40945751240433
-1.50124258138327
0.215142517037378
1.0586287113926
0.922995022698984
-1.05342696308088
0.968751063422479
1.08971087580119
-0.544783785285816
0.215579499944924
0.110992316512081
-0.606807271122118
-0.509801271566244
-0.291239429111888
-0.398216091881046
-1.42125851206944
-0.510329419401795
0.723002529871893
1.33143298908488
0.28327154986319
-0.00166004147603069
0.0185849345005225
0.587161791476595
0.181426412172866
-0.791587917690162
-0.676478154818648
1.09396574723651
-0.897782964740823
-0.319285299990629
0.016450162783278
0.0876168831241694
0.988262962063405
0.484287918263973
0.343598469717786
0.0648432805610581
-1.87623246126279
0.936238428060267
-2.07118579443359
0.499430426447623
-0.292508462456441
0.657341713618624
0.945779691261329
1.28398545942549
0.934541203343896
0.759694845450436
-1.44741365044531
0.367234150635804
1.35301431329517
1.23860158605738
0.395194935196219
-0.557043241678111
1.15113792815225
-0.499174857319815
0.131871116699644
0.787566666068947
-0.283827985352525
-0.194111815401043
0.0162462239903171
-0.417111696999478
-0.642058292984284
0.259258026972067
-1.03609718988747
1.77943077475178
-1.23687389734583
0.832082995445074
-0.615999098080064
1.29863870132236
-0.178101270923352
-0.361421617272171
1.09488049908873
-0.96233668592467
0.269456990398678
1.36121834101441
0.313352832609463
-1.19859742322225
0.8906129527952
-2.28809844325422
1.39797362616971
0.0830469953974115
1.01269108211992
0.239819798149335
-1.75095369605912
0.419784034015847
-0.526034903864155
-0.168519076337165
-2.35193488073669
-2.08713112833585
-0.271492431478458
0.0446224992987713
0.609675983682254
-1.175288143702
-0.917788892048339
0.776112905707004
-1.12227769823847
0.040971439483878
0.261687503447138
2.04590157058891
0.436629485019415
1.41028579145824
-2.0405470747315
-0.531744014034334
-1.01252443286537
1.74493619001497
0.0531097094492508
0.41988609696819
-0.140311392253073
0.765128068707046
-1.65497349851894
-0.911750215260807
0.660301159048456
-0.186136262940184
2.55555013465978
-0.0301105312466889
0.310086566889579
0.93274476468695
2.30209002257402
-0.0977482664721536
-0.807267042727054
-0.152444861701647
-1.02445112849758
-1.59317002353216
1.00181293069359
1.27123958385063
-0.912019391340719
-0.0847255184803177
0.545285626770968
-0.253069932581572
1.20117948604987
-0.247248790447169
-2.64679379737363
-1.00636739230194
0.0494960548901082
0.559692681435825
-0.227144390743309
-0.465559228286595
-1.49642183503727
0.207255648564957
-0.270523128261937
-0.519797196792241
0.837690996512087
0.639700036969873
-1.5132679421607
-0.476823687729541
0.450785720985735
-0.324561660647213
1.07961827204617
-1.01459639696358
-0.691034498028093
0.772712225788853
-0.796384029413937
-1.10705307606717
-1.88726911727785
-0.119860919547956
0.255253359226505
0.36542617434747
0.354142222335308
-0.60222829494958
-0.111316732110907
0.402466955265059
-1.58332463832685
1.29228641668924
0.592489977415324
-1.37524308065724
0.0206311960622837
-0.747253704464576
-1.27026310028361
-0.144955065000805
-1.09877323292144
0.65236493151456
1.07220539481413
-1.08689003747469
-1.17085959248812
-1.07363309398331
-1.15449738195632
0.925909923856428
-0.433550796039418
