0.729273691734163
0.258523344628248
1.06166480355417
-0.694297993740629
-1.02749295010703
-0.646009424219863
-0.697250557949902
-0.377916428910661
-1.40230290018935
0.986327094697582
0.943472253405256
1.74833282728302
-0.605078626383423
1.88464807600946
-0.240832678717742
0.95267473202691
-1.42834267693059
-1.7355655662598
0.0839873686326411
-0.02344142305759
-0.603361276800014
3.76311620709532
1.63802774770107
0.165565072017752
-1.26991690287373
-0.37430669547649
-1.19287751309489
0.125351681770355
-1.19042237312676
-1.15707870879087
-0.669707081637957
0.123062582010679
0.529525244712205
-0.443375845128795
-0.274275243634999
-1.09485372518528
-0.457673940015037
1.94057501754587
0.112490760957035
1.05672626757859
1.3056928837608
1.72574414608951
0.196026235207992
-0.335086656144777
0.343726607801798
-0.780310707921781
-1.51987585241122
-0.789181285372558
1.50522919155764
0.765023297492599
-0.487643950495422
-2.13709316876216
-0.441008561105648
-0.133819625918065
0.513980949818311
0.397676129087028
1.13638495521692
0.815961623549694
0.835822947873503
-0.44287339916848
0.313574142703889
-1.03946573880316
0.960868672147237
0.641241265521397
0.110605382139161
-0.471794264794465
0.571993087940803
-0.0239119254232622
-0.135173415041145
0.43300371693624
-0.173229387853723
-0.340214901836068
0.236690812051341
-1.33661619575639
2.20885461197965
1.23882566472276
-1.13035551183689
-0.300796851828321
0.170261549651812
-0.915888147136929
0.192725862790635
-0.701478966538386
1.3339985465442
-0.504972113304896
-0.774940156989054
-2.69548714107136
-0.206358954462109
-0.534848257067168
0.212884675687872
2.20442615736279
0.855954562347378
1.22842918348871
0.630500791067632
0.203765658549174
-1.23273663450288
-0.732408387387161
-1.97854229951224
-1.81327956404102
0.7487753188223
-1.49242578227541
-1.60581041058961
0.0212743567959637
0.712783058729868
0.0925984051441261
-1.27245307987983
-0.601847476085446
-1.11348181385168
0.088329719145142
-0.877336295791571
0.632067491143621
-1.18899234198543
-0.772759954196547
0.882244749005204
1.31890451337461
-1.53918392077872
-0.845611705287394
0.661987371734767
-2.46304416450143
0.961932930142435
0.995846071169532
0.550953326003213
0.164678680717427
0.667383807475506
0.230378117424804
-1.08548190178267
-0.301370713143877
0.295168413123857
0.901118363817494
-0.0941872186060618
1.27726333265209
-1.06114577076813
0.666562329504726
1.05208240463259
1.07411809525244
0.267450258115422
0.920459018380006
0.44654260687154
0.381025502955379
-0.482080108880025
0.827573670428265
0.531038165670891
-0.586825042975299
0.871964040751805
-0.907028285140373
-1.17449986054099
0.908713325550695
-0.0280567365575557
0.72694875882229
-1.16042128015082
0.169360890473026
-1.23447491368221
0.174958563888192
-1.34292909256861
0.445555030227995
1.27207461284001
-1.63369214887069
-1.03171361325405
0.159604766414109
0.852537622625746
-0.901422967422862
-0.626979520396437
-0.88016751613134
0.375340104610976
0.191559753306759
0.537239494543561
0.73725035234054
-0.197321854607228
-0.645800686613475
-1.37212189541985
0.620311810706661
1.54224214896142
-0.477378588879869
-0.501471287237622
0.64525192162747
1.35530880873167
-2.85408535652059
1.45178360553425
-1.9685388886583
-0.178705824008275
-1.13079731915637
-0.192785414305197
-0.368557303240685
0.838560512718657
-1.03149440248814
1.54955040695172
-0.880094652695384
0.0741160508108204
0.0375791395658226
-1.83186067692718
0.200889110035606
0.603616020803212
-0.11535072266784
0.863184582232019
-1.08895600764345
-0.539203740892545
-1.66838396709379
0.345730584282239
-0.866231085941551
-0.517980630314122
0.757588682120578
-0.355046065944643
0.258157690278525
0.330633558719837
-0.260564439819115
0.572185434145879
0.496841635437133
0.229757626977997
-0.882348576901394
-0.133241645550703
0.613939551968781
-0.516443994275231
-0.422365871580601
0.622557735631431
0.536906535241103
-0.777025279221092
0.121915360352817
0.989917150870728
-2.7312346924765
0.987945323042711
-0.0952081336677557
1.4290688694303
0.87250672710837
-1.23542676459224
-0.564521139043839
-0.059189797416462
0.449976256270539
0.416057845499123
0.278471772379204
0.94163292921053
0.352669565281339
0.0387429101316277
-0.833007042951851
0.408303584664916
1.54163051356148
1.26011670889469
0.369492152200539
-0.160053482813305
-0.0543233633958757
0.0432316481249254
0.82403144500143
0.659201788586234
-0.585185110091135
1.07610043775437
-2.10878462790583
0.812171668195554
2.28933821050725
0.276970831265997
-0.902036433531035
0.262678043988196
-1.19264688800057
-0.600491740823897
1.06643635792824
1.27547849513068
0.70474300602013
0.316854645516204
1.05831268949939
-1.75894630952989
0.524333552902109
-0.606514873931928
-0.256095238138615
0.724776684926663
0.704036073960377
-1.3043038978338
-0.72105727232318
-0.943215723639268
0.594798771279072
0.296304618985304
-0.267946265976974
1.24886574521176
0.864769437569185
-1.0873625788072
0.554746554863435
-0.0622683057174316
0.838706176595744
1.94998057982743
-0.506007914106608
1.66061567935524
-0.367142303964475
-0.739452699048028
0.428633320795856
0.525083118559538
0.0973049428430762
0.439377381249388
0.96374608312627
0.807177586563735
-0.916301094418541
0.33605376710617
0.144548368328688
-0.0777838152103335
-0.352289473191902
-1.78925109183804
-1.8328155378754
-1.8559418988442
-0.516157509779874
0.670381004276358
-0.825965721913981
0.198293733378328
1.32916259776862
1.30909052601708
-0.918348812537242
-0.908856387088375
-0.948708988544194
0.0476268613094923
-0.385693438781669
0.863188812836774
-0.756445497684041
0.863674314462488
1.02414116082584
-0.962836521509294
0.40736131815715
1.00950104115739
1.99653006589228
0.61549386457766
0.195075559357951
0.581971011437104
-0.115438659350625
-0.15649586611502
-0.418845834792802
0.254702848984012
0.693808467977534
0.469684206651359
-1.64324504555522
0.821108119534599
-0.150250013205823
0.297488374093182
-1.71420819734501
-0.208563202511875
0.110188619155108
0.965358575895641
0.823085734869938
-0.587508350192649
-0.986840028003587
1.42233966488944
0.940752734316256
0.658459539122783
0.76495157305948
0.478473168590684
0.435450883386403
1.16849463103428
-0.265728337886601
0.52396181394454
0.878161767812213
-1.36755488985794
0.243221638179528
1.25973587574226
0.49709781814116
-0.168500965909234
1.34155580569221
0.345235252753981
-0.500697377108261
0.962643360639352
0.254496212355218
-0.314367187692471
1.59348221411339
-1.8076699064297
0.678336957900096
0.341185646853759
-1.3015241130102
0.000894254574595867
1.04729974586226
0.623531289761709
-1.08361175266544
0.328644396779481
-0.33313438541237
0.394225461075038
-0.290050664287588
1.50899318402402
-0.332596444888998
1.44151371188091
-0.572895995606261
0.549503042112206
-1.00366496909123
-0.216950737431173
-0.0905852596299456
0.736989504312255
0.429266846509435
0.194361327407178
0.297646874708199
0.509938913883098
0.933499763251421
-0.517234011926926
-0.666795161242968
-0.996036397421743
-0.597032331046907
0.51297181717634
0.647078059565441
-0.117382642858701
0.533387935826824
-2.23354141519278
2.55635946535483
0.037708547566094
-1.31729082491415
0.0113604499871772
-0.640632499620211
1.84744550089457
-1.20987497470415
0.1612348659998
0.0976711511247292
0.315414508771271
-0.684969802141464
-0.164136166209128
1.26610739086769
2.10935131765105
1.37504810668104
-0.982542085330644
-2.78832012865935
0.0384802599876246
0.525328785615871
0.167743043085179
0.637025766384436
-0.871421331649213
1.30533931476272
-2.54726313953125
-1.06370616759212
0.0174111420634261
-1.69931479109013
-0.883466763774745
1.34403737452952
-0.543815452763326
2.1973533102163
1.25420059836606
-1.04467459001009
0.297337396106156
0.371227876737553
-1.00509617858973
0.50329306220612
-0.174395545553509
-0.354185178431237
0.720626228329648
-1.40851352474719
-1.4537800999294
1.20119173057638
1.08930219959358
0.250265526698855
-1.11108989285816
0.499900630715785
1.58470589098234
0.699920425548496
-1.27882256580151
0.1298717025228
1.16889335144976
0.902191720095239
-0.704876769615355
-0.500977152799175
-0.745933441435519
-2.77856048192971
2.20211573910277
1.02327630763117
0.55063819303495
-1.24391661631258
-0.708304351828828
0.923006910969118
-0.0489086399586342
-0.673727701075222
0.948290436305563
1.44561064082045
-0.561209435553019
0.00660146910004356
-0.959072800648043
-0.114148712084928
-1.30240099569839
0.912721552422436
-0.276737342699725
-0.129509833073741
-1.50714179789499
-0.280344511429544
-0.238157375257589
-0.151176415517163
0.910578110678155
2.07927697496057
0.312640560366405
-0.919562082521057
-1.39037466801986
0.492006981498996
-2.64703369240755
0.767102550983854
-1.40422339463099
-0.251707019795519
-0.854551444654673
-2.05052728756577
-0.379603432610488
0.765209095155098
-0.0919225870128163
1.57901845181179
1.13521320426305
1.19711789955759
-0.197543643795366
-0.315776805946571
-0.236959192430827
-1.03333597696407
1.27522227713598
-0.762305274802446
2.19813978276684
-0.933738861120551
2.28514751663143
0.469314046246889
-0.290342814770138
-1.48385971412182
-0.761456086789722
-1.69839493615779
0.17956733083025
2.07586120197249
0.833842566152538
-0.504379698627253
0.0551808559803472
0.554357431979798
0.221947922658488
-0.893254365966053
-2.14561306140414
-0.203161360637045
-0.587288141947218
-0.236421402815461
1.15219789955374
-1.64164880837909
0.474103163383571
1.1563098251343
-0.0866088807272414
-0.895869503002718
1.10606908895247
0.478658133400185
-0.99295174325145
1.92886706923351
-0.296032806638801
0.91568576701177
-1.83943091453206
-1.03045693539387
-0.185885656604323
0.997594898461225
-0.146975870202221
-0.0576606360171102
1.00819210413902
-0.540171495587932
-1.01584919634374
0.178842745235754
0.106654147111276
-0.473041003391298
0.873166627780874
1.60563212265623
-1.05174125783893
-0.57332015047766
-1.00768349400327
0.867168109518467
-0.697898009699538
0.147705400821617
-0.682312113153866
-1.20010328008332
0.827484034051604
2.13716092927027
-0.0472787119419932
-0.220629008249423
-0.160872961064589
-1.16404953059877
1.93727218047159
0.851927676321534
-0.469914299800591
-2.80211471676598
-0.543837524031808
0.738881758476938
-0.568759967100045
-0.296341827051103
-0.531283511443788
-0.242138332638708
-1.41613078513042
-0.0577895434367793
1.38010723340441
1.87086740640604
-0.28328002019621
-0.536950257243693
1.43064773586662
0.120594123028774
-0.175015971617916
0.427229636246774
1.54705814267673
-0.686502672913314
1.44425628878071
-1.80419900519856
0.363715680965233
0.00249341277487886
0.451504174259309
-0.628515606409568
-0.509511676971708
0.206360458554157
-1.22612950115086
1.00761209249041
-1.26381952060872
0.0465738445461019
-0.907273239270265
-0.833725837592023
-0.398564849043437
-0.0709901411062354
0.504938298085164
-0.56405599730992
-1.82398476171177
0.804700630123516
-1.73932331349528
1.53413602462881
-1.4097970111839
0.51694879097822
0.51738186738498
2.50691449762801
-0.23980644353248
0.092695125332458
1.48757871142875
-0.934359193466497
-2.48491011231125
-0.210705384557443
0.169531699175689
-0.714872672585393
1.66008278839327
-2.05881372176511
0.990578707394204
0.854554250935407
1.35923995934458
-1.00214222384135
-0.452105083560532
0.150771658265233
-0.875362992927698
-0.300408599663429
-0.27057774497577
-0.277977087602302
0.597680835780433
1.82856569660781
-0.658870168817446
0.758397908721422
-0.587746998891077
0.125256075848273
0.533881504311299
0.750929460079982
1.36362942302609
0.625715200293587
0.540912243463625
-1.1818023075575
-0.903776771942064
0.451447240710404
0.834072939572777
0.905556629320896
0.408240005026516
1.39692301763454
-0.632351802696015
-0.204722429930928
1.80544191510619
-0.00262898979960979
0.430274792001446
-0.0274911751595271
-0.694600014737999
-0.562643440017548
-1.94608537282015
0.441857909862246
-0.622813125963924
0.138990891569834
-0.740551142137358
0.353600830341575
-0.312126201363547
-0.184331667697987
-0.0930933820744426
0.564833328334279
-0.0851070318347363
0.671077237163118
0.77366164684302
1.280024013803
0.493306354915109
0.510797970183495
0.232459886944495
-1.72595940455237
0.7513904939591
1.12422320862921
-0.0554388102716593
2.36705287087466
-0.521681363449932
0.49690698653395
-0.00283792109535984
3.01898988197614
-0.534419337894248
1.59815195019027
-1.21686504356902
-0.0727102281296922
-0.164621894576411
-1.24329255141263
0.200605055017683
-1.04542853611645
-0.249734150096998
1.08718535095924
-0.910159660913828
-0.675961095304715
-0.0782057129700339
0.361496578288414
0.347703564638739
-1.03369795711492
0.471339844821456
-0.238379920609438
0.783638263048771
0.258509614797649
1.80384737873424
0.938274395860387
0.808419561053774
-1.17118706665021
-0.0964189525353871
0.713755232009527
0.29120519140171
-1.23761753966412
-1.52418629031914
1.65665484379963
0.244044418355141
0.592069422555349
0.215544578357842
-1.95539863743514
0.723493873940862
-0.580119881358293
0.586370643770757
1.27205756069417
-0.186660451094253
-0.526416717224433
0.641804271333843
0.255840135447374
0.018125048665527
-0.753657209598507
-0.316379608057445
0.279217962118961
-0.458942132502526
-0.476402043554102
-0.775333100835656
0.518916002134375
0.291441287274528
0.775426157987122
-0.0171972213819503
1.09575768715115
-0.495892667729693
-0.0634965566428127
0.253758799648525
-0.137770076635544
0.63902461823359
-0.72106791455055
0.0115288398257391
0.481896321091212
-1.41250028532862
1.85933726412742
-0.631803661274439
0.559419668335912
0.929670091490234
0.894700788223003
-0.778710306553957
1.90785387335282
0.234604202881589
0.703696390597766
-1.16593413030118
-0.36793140800978
1.79748326142951
1.74705846182127
1.83992676760025
0.113431085684149
-0.230557865679561
1.4504365114741
0.193241395020777
0.236808946026836
-1.22266971073247
0.102794829169277
1.62092318139566
1.49846977418759
1.59060852305055
0.857542897872395
0.435829857991584
0.380288063358557
1.91969916780411
-2.4145935287093
0.673913371155233
2.35740913059457
-0.469130027973886
-0.0643500725790653
-0.132361154644666
-0.979796372598057
-0.449278592453424
-1.35014196248219
-1.20961810579685
-1.40573135983158
0.119802539228469
-1.49279179435565
0.404553016926428
1.23862813799802
-0.720862794741796
-0.193602363963232
-1.07630502734724
-1.51561414024897
-0.0305410462488009
0.350295197028807
0.0791682640466964
-1.25411681962543
0.101448213876236
-0.00355578338699126
1.64907205977506
-0.271683010957481
-1.08567499638013
-0.457305862333756
-0.88150388560737
-2.39412840184878
-0.817069209207528
-0.300106628541882
0.221426921764586
0.736507043458461
-0.315833985549814
-0.150022698388249
-0.561517530407277
0.162269272913406
0.0207721329254355
2.08395755238702
2.12880189466141
-0.992591800140653
-0.594075520705327
0.497497466756149
-0.345655355882919
-0.824014487296761
-0.502237853287706
1.36973793521504
-0.329054380767727
0.929781298924147
0.946443005484048
1.47346475107909
-1.80594468654136
-0.137600753599507
1.27457556097631
0.479636644700214
0.438494549865745
0.110116303389156
-0.39731285095441
-0.0384858880136126
0.636186100588054
0.0224012729904008
0.67875776521256
-0.00162181620058473
-1.41453745578276
0.0616172814796771
0.117836439010035
0.325753911936071
0.90807890441535
1.28900862144332
-0.993753561951386
0.621044212799235
-0.90457898947709
1.89154150246233
0.0394109672593476
0.201311234193618
0.299251479521665
1.37249648258146
0.539867328617886
-0.508422779839235
-0.125822811118766
0.46328062209446
-0.856932776189912
-0.300694318649625
0.245661017159679
-0.589989978520658
-0.943470727478877
0.9947154656604
0.0967902682486169
-1.1195504814939
0.189168202080814
-0.522805484676876
0.324523966866638
-1.73782532214809
0.410672010218878
-1.08509046363392
0.595489526870547
-0.210275310665118
-1.81736256316453
-0.513383656509567
0.159842496533425
0.39765369210446
2.43751715543479
0.0112706456982922
0.839722718144705
0.356368921924955
-0.417534916189793
0.950057049294144
-1.05682946760755
-0.444140895737664
0.281427463295685
1.54547899382442
-0.417266081470678
0.238283677543395
0.659599642888183
-1.54002990798459
-0.0807447081583455
0.83189948590611
-1.99123029162656
-0.452431083349644
0.190086313961973
0.0881383044840327
0.715750072411363
-0.343065190174491
0.54934227623203
0.0802721319957509
-1.03000273092917
0.824975704041003
-1.95067590506676
0.114556691229089
0.557170585547344
1.38698295496227
0.00946782823446559
-2.10718595478589
-0.571494895319589
1.01395594666789
-0.339895547915048
0.718279038821774
-0.201975078084312
-0.779585534019552
-0.88100373744968
-0.957012965841881
0.450771876042459
0.850803983729078
0.467790572127525
-0.191463178430995
-1.47453518898746
0.326437303438683
-0.204863666873621
-0.206182443468772
-0.127736420502898
0.316540611702006
-0.138303739621529
1.71759092911807
-0.0801257932135482
0.325192352367976
1.78542627799313
-0.288950216944195
-0.850730009391342
-1.28852948883749
-1.35389991785127
-1.53321902809259
-0.110684687479249
-1.30009521827058
0.333894054102675
1.82165040847408
1.41680639866003
0.909184722808823
1.84916197182553
1.77472144835515
-1.24996219091681
-0.793401540796464
0.50634371627521
0.966819469321404
1.22350480490331
0.443725113445658
1.34473154401266
0.394184840251813
0.768830723589113
0.0542881762302419
-0.719220369764671
-0.77703203463515
-0.0579119965785032
-0.61797874911092
1.33369643236603
-1.34590668406923
0.551894987933281
-0.286526100662769
-0.191646833031384
0.512503448859483
-0.318850533158004
3.27897284622391
-1.27784361001601
-0.598516173060825
-1.67966936224241
1.40258830192114
0.881283537259617
-0.854832167527727
-0.379948071227993
-0.334827184756103
1.72871538048068
-1.49632744891561
-0.416377353330296
-2.93110006492775
0.028361097251411
0.462357659620182
-0.831642213144645
1.35071741566818
0.855679895004244
0.658918796539457
0.0213615386464715
1.43128388139622
-1.64713354958796
-2.50167982952058
0.982827046608793
-1.70853640349201
0.354838554418595
-0.19761437115732
-0.81290818620084
-0.0970173679686944
0.243597907969603
1.02970147998594
0.0908039845245382
0.894913031391499
-0.431842657731919
-0.392442343516088
-1.10183509189495
-1.85551559003211
0.0884089519269928
-0.493689342475306
0.15715469042029
1.23141868072081
-1.1335205147452
-2.0447651693541
-0.639717471823269
-0.385695903264333
-0.648942390438439
-0.28585356177828
-0.115624470385557
1.09945840534543
-0.669884810410004
1.15785379041865
1.45860223488686
-0.946787424933944
-0.834992776625098
0.522532162961493
-0.808358321103424
0.687094653538309
-0.265378307865679
-1.07022958469658
2.72864168727812
0.247969725277625
0.192989532838623
0.665769751613142
-0.549924466086199
-0.0725052198918188
-0.250712956826437
1.05245114326912
0.956067847192753
-0.135057390395204
-0.0294875531863628
-0.101983198999588
-0.43554988472959
0.736160003562074
-0.771277448436904
0.0366755871991132
-2.6329703504687
0.797775587287625
1.08707621269
-0.551996679648111
0.260399880912736
0.0428252114550672
-0.181159885658967
0.70952976932918
-2.2568442151925
0.0525483796617225
1.01412045846608
-1.66570654681342
-0.504952818527036
1.74433806134147
0.160071520147274
0.00799206071436554
0.454190405011868
-1.57664436514866
-1.07557792814791
-1.37319949560064
2.31622719286581
0.563427741638839
-1.81110338301894
-0.285394759500349
-0.243732367752951
-0.99762871519731
-0.0478196889871084
-1.80470381180058
-1.84977839311319
0.853838299366454
0.190670865596445
0.900998986312448
0.694813538994358
1.27886170047586
-0.594076193384246
0.282096313959811
-0.0442338903687372
0.138047618398777
0.124495517704214
0.962227002083825
-0.955427276406819
-0.140278559742579
-1.26053525889706
-0.281291182758944
0.336560424188683
0.314928410943279
-1.18390055546844
1.83754646851692
0.762633020921312
0.577872577669823
0.747492026989466
-1.29226681874967
0.0635066596946642
0.252519774431597
-1.03295064750502
-1.17197119135588
0.408818618807116
-1.93749272180237
-0.562273262012199
1.0625656859355
2.07992448638678
-0.0650905044713356
-0.512546807453456
1.09450855421626
1.24562542412446
0.837444726163178
-0.697449540472793
-0.302391976171568
-1.38225643146768
3.44401829466142
2.48115971435906
-0.673046814712042
0.981449509125863
-0.269125753155137
-0.757376323356979
-0.0359233001371641
-0.0767251968219804
0.964633207930555
-1.15748635636718
-0.609161064798601
1.43081918536013
-2.47323552196023
1.99144938844415
0.51497491552783
-0.272263614940147
1.01003805096428
-0.122013171973887
0.000748325545861185
0.0525867280967107
0.527243087245903
-0.732362937752676
0.717305289053407
1.14961491362296
-0.359942510367132
1.58464207748549
-0.521888573977596
-0.292805840071678
0.489100218290128
-0.616293571342634
1.51626500192021
1.06097842202828
0.199843589893234
0.195836822846482
-0.520542440155073
1.00956717897
-1.47788473147576
-0.688750767291449
-1.30413321849769
-0.0106086803173637
0.502373294081395
0.700521824123816
0.935292575250046
-0.611252877764584
1.13632659510885
1.10002641339352
-0.553528578153099
-0.593416481031622
-1.03655264037495
0.72552408546161
-0.725421165111561
0.639947162629072
0.482714846793867
-0.18833934006598
-0.241355254746587
-0.464739471875832
-0.0503936217357283
-0.478454528829817
-1.26813645301006
0.103875054880422
-1.21710345132014
-0.288149007320611
0.305235140265338
0.35183116164857
1.56298292777325
-0.99650927443878
0.0868897928114519
0.309092705589327
-1.17900729606517
1.415956757075
-1.56800323996365
0.989294157155492
-1.27879238911792
1.92573037810706
0.0215291852081537
-1.4173147401321
-2.15182531337393
-0.7207348642478
0.00247069452690069
-0.487363234393347
0.930756347390452
0.203766245565142
0.870668480356449
1.10050985590509
-0.175835174287734
-1.73458059685008
-0.31255636630145
-0.98278472834192
-1.0894138365394
0.899233434034731
-0.501979068709527
1.14431236579165
0.58106575059858
-0.2678942435062
-0.922071138333356
-0.790237721493545
1.11418587892948
1.03528233049371
1.23664987927222
1.38428204324047
-0.289859598029514
-1.05777379274807
1.55807954623167
-0.416841130634119
-1.70869220888881
2.13051818442076
-0.416601057329991
-0.0527657437437716
1.74195203759014
-0.138245863822262
0.546958944827065
0.40305513868312
-1.00959828935579
-0.190448613509639
-1.84315776002044
0.00633665236304048
0.73334263188526
-1.2372570687878
0.97286147139141
-0.118593942962582
-2.47615893743456
0.374835281051352
-1.36329301320096
-0.136249215731044
1.07619693960016
-0.136542601137368
1.56704346087065
1.84770521282259
0.523075828041087
1.04646802396297
-0.770790080663765
-0.300991528289288
-0.460503069176247
1.49176959287394
0.266135025970287
0.851301373026672
-0.696152665845131
0.293475047063777
-1.6129299076648
0.227710309494202
-0.422026276652879
1.14806532925691
0.920742459266084
1.92146724766329
-2.22039911196202
0.298902556864174
-0.565522808316359
-0.424417654679939
-0.375084901786696
1.36037828817494
0.97626407901797
1.1324289063817
0.596801079070095
0.0271523946884181
-1.07981633811534
0.93012796805204
-0.847079309387319
-0.388247951605627
0.0403562823164707
-0.0124070421543477
-0.875596467169662
-1.1524182789217
-0.262779823581817
0.215183662002555
1.54537824450178
0.822894935148176
0.389585843384238
0.334257804724875
0.791171615406187
0.256618847738391
-1.75975418879433
-0.640378881423293
0.0630227837144975
-0.196792056538605
-0.176981398941788
-0.169414294100758
1.42997999722233
2.5508817570485
-0.298197439662716
-1.68446963076871
-0.955972425937456
1.51019879695169
-0.49686186065284
-0.79782567853652
0.0895686885077052
-0.308677854280345
1.65370664474372
0.0822727485718851
0.520296056808494
1.00745130027343
0.0670711216406959
0.209514047861676
-0.178250306619002
-1.16073392103447
-0.177110046400739
-1.07464420957675
-0.969404081343158
0.216768253421925
1.71292800013375
0.331987318287158
1.15030437856006
1.46135801433647
2.15804328939533
-1.57098098323944
-0.389036888956697
-0.831843355512264
2.02141234158917
-2.12346451657535
0.503902311026263
-0.932820355617822
-0.199835457371068
0.287348319250699
0.0740478107575527
0.483503909908021
2.57469909756018
0.788231076821693
0.40413648631662
0.603988698966311
0.064098607738411
-0.84430746182102
-1.05169895206289
-0.0852296470010722
0.998851172831761
0.0327100767594108
0.276488958619297
0.596585243309884
-0.49957841016427
0.635047988539486
-1.03609441101565
-0.796920002070216
0.935208609013998
0.275297541877402
1.68437394688887
-0.653742608712362
1.58575447511958
-1.00488406269731
-1.5015692175499
-0.898135484760402
-0.86711918932257
2.25909261937871
0.425764003207864
-0.14253958322482
0.234939410400433
-0.185820785523942
-0.196150312054712
-0.456860425001231
-0.270691081352702
0.412901173965855
0.266137312929469
-0.650099722081802
0.727866194399348
-1.97774342992463
0.667765466378179
-0.428305656324019
-0.930797682251483
-0.888385800584732
2.05627751851333
-0.0294296440519544
-0.235788684565153
0.245238084447991
-0.862796591965534
1.90363775779683
-0.601160658110533
0.462806615261279
-0.224178227461467
-1.64486376564021
-0.85936853489412
-0.509339581277434
1.97126266852875
0.545878352690463
-1.9639202896286
1.2247038881436
1.28414252917541
-0.724814001242907
0.742126306216713
0.708184305914203
0.137583036995319
0.094689782018164
-1.03689981204844
0.300165875238444
0.505401131269101
0.507031239397109
0.207460340003315
0.278854723370189
0.654538953955967
0.386045867656524
-0.577083371884471
0.12726593695264
1.14488430167809
0.754929273424412
0.535589856091896
1.11827239511681
1.60908146844178
-2.5923401693669
-1.57624707590098
-0.258982307855201
-0.837493646586682
-0.895256118220113
1.10926016153911
-0.966760034310045
-0.903302217248928
-0.609577506900737
1.09540818269221
0.512221738287958
0.397269749389826
-0.428269189580231
-0.187878916315254
-1.23516611713875
-0.501638373179973
0.950970493149915
0.235851058082772
0.110048020686812
1.00129671603005
-0.347279413495643
-0.969847065087017
1.76149755326899
1.79872119539138
0.239078419211125
-1.17555227731863
-0.918437247957967
1.1479917107584
-0.532908868227598
-0.0249840272103065
0.381114252404296
2.06532903061416
-0.426342336716611
1.64756914554251
0.486356036641581
0.559930822242762
-0.596140526416957
-1.7066823724488
0.170623810375962
-1.00964125590647
-0.367626094188491
-2.33003306096945
-1.08767547818109
-0.163588848339565
-0.554221916244359
0.740959794568416
-0.505405792556382
0.364729962923986
-0.190665994048469
-2.92019390488927
0.388153193243065
0.347149452561707
-1.43744548435514
0.379808323291301
0.190873436514429
-0.383319722269286
0.600237120304205
0.268417470658915
0.655834882269844
1.1136768869243
-0.891265586292695
-0.545490506206397
0.62574494460034
0.875562212284667
-1.29331458884377
0.41756384989417
-0.0854970574405019
-0.732120743041819
-0.00698176190868752
0.825108087074961
0.737099715211447
-0.261699177191455
0.0127929287562941
-0.327027988123356
0.111570947643092
-2.54776547708145
-1.71468151196681
-0.468093858915552
-1.43551600915378
1.60743312098235
1.95701464153956
0.572725223042896
-0.7425679250826
0.527685761705332
-0.596644111054908
0.480695227178695
0.925501682765923
-3.37157953917996
2.13365530255527
0.221575346705364
-1.83397750913341
-1.66576365461187
0.321284188958994
0.325500443442134
-0.618139288452756
0.183307215948437
1.71206875286585
0.392675493239728
0.00456394740337115
-0.851229549940019
0.363679566631357
-0.157082081939546
2.33032418683283
-0.504349318249813
0.75805296157682
-0.570498350150673
1.43261803868328
1.03542185515562
-0.27309205340799
-1.08829881476799
-1.09503736930358
-0.215842644267918
-0.332442568953513
1.27719148801133
1.10243208754337
1.75721575903825
-0.759520928050155
-1.12424890376581
1.75563902312874
-0.258370524917566
1.44697930546378
-0.742704832343048
-0.33023295437418
0.976946480556809
0.987067822678683
-1.20945303322312
-1.69819849319098
1.09418090945913
0.467272204521362
-0.443499982936664
-0.402582218263309
-1.71709675641273
-0.335816035375615
0.381020097535973
-0.0655957002156166
-1.48623856203748
-0.508354496937969
0.724494180406796
-0.485748707166472
-0.76576441376196
0.0571270114223198
0.400263391680022
1.25208184482837
-0.27505856076691
-1.36938480856939
-0.632786592848055
0.93775280628941
0.736160201280196
-0.438881347366302
0.513017945932977
0.172365828935419
0.522184822123931
0.837735371953342
1.5082090765379
-1.2994724268202
2.53861603804375
1.09751638603412
-3.86132505546037
0.297129612969611
-1.45681615193689
0.308262811305585
0.952418719874721
0.122537785513825
1.34389695291616
-1.12133040412328
-0.384646640652813
0.241675089855989
-0.181233149842002
-0.49075929458304
-1.65931339634748
-0.245244385433621
-0.366618018442009
0.189592068645021
-0.768658293142585
2.12555502404719
0.415298713158717
-0.12163910826095
-0.241916214172199
0.879297672289368
-0.956065972929511
-0.788301138694753
-0.734435257227855
0.0634269263016384
-1.40889330170374
-0.987727622894598
-0.200929895158648
-0.851475171831701
0.00988344806192176
-0.235418456360859
1.22964024326992
0.149404461909832
-0.11395096736651
0.911203975802201
0.633588890444185
1.86205605303908
0.908351879049775
1.0655335607803
-0.392601324354891
-1.35131326349844
-1.46741014578344
-0.370667530034551
-0.711865744947224
1.5253570434636
0.0214344849131885
1.52606308861842
0.765061069752988
-1.07760625716433
0.215189656462318
-0.871364150433942
-0.259946779250075
-0.0362481960636803
1.70846963845071
-1.08999149896718
-1.61396381831033
0.57325693212508
0.138468107308686
0.360607456197179
-1.23295613393361
0.0987354590993292
-1.24741895469815
-1.2090474923365
0.989205971640217
-1.45817447670875
-1.30583469749438
-0.0207793705194946
-0.289756010893338
0.0233039102588255
-1.56283431679882
1.06361954353991
0.0859739803783766
1.24531935289525
0.566811696432839
1.30154652355413
-0.888281060528033
-0.678513532442933
1.38480783730878
0.333347026746607
-1.19927578500899
1.00941300041135
0.347762469166408
-0.515426376245371
0.38443694688186
0.113827895508119
-1.02289381466532
1.63019133512217
-0.385770484979063
0.0618956177513998
0.513923252052538
-1.08098724731961
0.722727315962823
0.544255565606973
-1.52932304462722
-0.725263617537024
0.976866068968671
0.28748481456894
1.03247088367314
-0.523523129768752
0.0568705742842557
0.137815540566139
-0.0739817177497029
1.99198394483349
-0.666935486366348
0.530075011258295
-1.15777008868366
0.654243686954032
-1.16851177714205
0.510577202286184
0.797387545977785
0.837393334404726
-0.870074346226401
0.977978672460213
0.860387839905772
-0.0900871195275322
1.88395512544925
-0.0259812201786418
-0.818964579742509
1.12067998075876
1.45228717667875
-0.609179154275593
-1.21391887301522
0.747146733766495
0.489924433916171
0.546178322262326
0.463172564899303
-0.969398769688852
0.567514560478079
-0.775092113698631
-0.378044700358721
-0.769350375258138
-0.884919806762555
-0.612690988736625
1.26789275971008
0.596028419055088
0.149506781692519
1.07224097571777
0.618884110878321
0.0507987010736318
1.15617629896284
-1.63167423487116
0.738012127205213
-0.32982590050889
0.670078491747881
-1.51245015572473
-1.97331299558208
1.09588697709376
0.203371639513216
-0.158639804876365
-0.251299924528024
-0.603219265557426
-0.594629989792032
-1.16569260460983
-0.10705838060718
0.137715519754812
-0.483267353298133
1.19580221465867
0.00266943219760115
-0.483791995970138
0.833447719009167
0.227821336238624
-2.48467473405568
0.00401137881133109
-0.256741236264531
-1.07671117600483
-1.5256851933327
0.721022129610951
0.267466358342265
-0.214951175697088
2.8615525481298
-0.721134480665978
-0.818006536503922
0.098511393121563
-1.14508767699511
0.180189829565441
0.171940662623487
0.216101914037621
2.87818130890566
-1.5780327728377
-2.81587824663166
-0.20426521236077
-0.240040390836127
-1.50105812394738
1.05360670399866
-0.970098757295897
-0.318431479745403
0.140107031626935
-0.15708188709924
0.712558112584761
1.14422870841763
-0.0531833388503652
0.74336822882339
0.144541703962154
0.415268757649706
-1.94226533419206
-2.12529230960387
0.726484286479136
0.0287318699796882
1.22284017295008
-0.169062136463088
-1.21263023123964
-1.37095005388152
-0.712443249672311
-0.714898563323493
1.20863747535483
2.01213277020574
-0.0621708944863466
-0.317077091836627
-0.0708673028468273
-0.960964172360152
-0.519230612962486
0.0883142912023357
1.11810204191261
1.08471228910253
0.00839343249078951
-1.08969066013247
-0.128797805711758
0.294720821973076
-0.715212254838886
-1.68716861689615
1.2271027215288
0.876925754337297
1.71907699833857
0.172602667262692
0.664369071580955
-0.497103642008741
0.66720256998966
-0.00947764976573813
0.534003246098957
0.688596449288522
0.100625917117059
-0.050341539635332
1.12691408404114
1.77305026170083
0.244082642716658
-1.08064215379352
-0.456177428600495
1.69007090315419
0.225455043400768
0.312647901014341
-1.15491159339838
-0.372442542667466
-1.7399509139028
0.710687902305105
0.278933150078828
0.37491773577184
-0.14599883795328
0.0987505350956088
0.388892115665146
-2.41432786874463
0.21350170756553
0.166992959310103
2.44710641404749
1.75331719285864
1.14947013169422
1.21869204247322
-0.959363551163238
0.643109032121574
-0.563364062574712
0.714753240229536
-0.623185227189509
1.05288566982129
-1.40589468071395
0.439791861207569
-0.188707525198164
-0.596553730828153
-0.577777742440392
-3.06121538673255
1.52777920827353
2.38670164156527
0.409373792704326
-0.734038961963978
-0.238200359122918
1.54529937517725
0.178331327678415
0.51457560794126
-1.90432373267604
0.893383225263653
0.88237623417638
1.6336524696247
0.424926214512136
1.12006438324474
-0.59939223057708
1.43717710561333
1.74880819740654
-0.755932436978789
-1.01137750888062
-1.60625817603202
-0.912663700874803
0.0741990314102935
-0.288113185747243
-0.398006712430417
0.471387791865341
0.23403461138962
-1.20067563901532
0.640227288519841
-0.662191767433202
1.12041375078288
-0.394380152134617
0.34086570485713
-1.2523468544061
-0.227161745069764
0.424479926536511
-1.5345361352943
-0.292971528301209
0.803211197842027
0.448959432214746
-1.10924387245579
-0.555045154727941
-0.203584971406743
-0.242564816471165
-0.911062662788173
0.201996175125951
-0.106584744525416
-0.0487072611353793
-0.792745114829721
-0.0539154989633652
3.20124715807752
-0.226858671729361
0.776733588188851
-2.02344087578217
1.05392597350916
-1.55440519481008
2.13658156603367
-0.64140008284012
0.126806585737117
-0.510944185571673
-0.919366497648493
0.392882291549752
-0.956860559766452
-0.912067683898775
0.572168510514788
2.41756814896086
-0.519952646908269
0.199851068225391
-0.179548755106042
1.59456612913114
0.858372351801652
1.26160117924691
-1.25522947171034
-0.725447465833143
1.01316313869458
0.382920676174062
-1.63899506271356
-1.98938115635449
-1.0990747110071
-0.297677685738342
-0.265002724283589
0.674925641878072
-1.29184551297059
-1.14227448859519
3.90509940825929
-0.875811414263438
0.032106377839974
-1.50493033459425
-0.778753697788474
-1.03322421760092
-2.13752600876818
-0.215796001739151
1.06430438202181
0.032970288896338
0.320428691696821
0.219811213130213
0.478672133684988
-1.01577448992389
-0.894768023256195
0.955937374613348
0.612511322996532
1.60532951400492
0.997420434730029
-0.270928997731276
-0.127058419185285
-0.673446294129836
-0.777320566260185
0.281571447510499
1.35290856266157
-0.0624066889669013
-1.28607616631381
-0.989023382938292
-2.14125293895631
1.0985541393648
0.99435080111102
-0.268192260229702
-0.259097435749739
-0.81095225463776
1.18481327533793
0.527173735810245
0.00238487027887712
-0.198056889036707
2.47534919550992
0.815842121041207
-0.975267743009614
-1.19911077785309
-0.840659830259516
0.280004005788733
1.3353367198015
-1.79965660087008
-0.180156198201887
1.49922975957141
-0.207650933124946
2.84766101448123
0.0452768906724601
0.569769091328354
-1.25395888557304
0.00462080439499033
0.725533717672542
-0.818032865707988
0.0723555611456086
0.388579283526008
-0.409744371439678
1.12308942472457
-1.65053320822893
-0.44254342505845
1.95296937961445
-0.780617814838943
-0.265267460293455
-1.04736214096024
-0.042919088466751
-0.171144527726346
-0.909085099369368
1.62517018588392
-0.346323749816805
-0.854660332155496
0.687392894734756
-0.280342915118514
1.70777334627392
0.756185331503904
-1.14632012767365
0.0489359010482897
0.300797049695028
-0.034442821331207
-0.019115138449914
-0.475113192179199
0.451210495830601
-0.316989800506032
0.3317327891472
-0.758271376299713
0.0312963451444156
0.303023265907315
0.889890085427742
1.23876554620265
-1.44361282964999
0.805719326372589
0.24374765657814
-0.656150169103371
0.125269389659535
-1.29556115324977
-0.388752560418498
-1.09402026572734
1.34390015933085
1.48871997047771
-0.653685928771239
-0.25995610707374
0.630276206593631
-2.3210213286185
0.223647811106778
1.41846019427098
-0.194804526853904
-0.0404200491189327
-0.392082186255152
0.110893279851902
0.576146859935325
-0.663767060266172
1.47156882881978
0.630077561027341
-0.7731156291882
-0.689909446837794
0.160383495628091
0.807223745634574
-1.98276767385767
-0.236029948721463
0.812074960227358
-0.768121768513697
-0.833164886260564
0.107778265730551
2.00336302253721
-0.864488347174018
-0.169921559792532
0.264961193509792
-0.748458305478228
-0.921694669960918
1.45541928496341
-1.10275230445579
-0.150137869781229
0.0425028907772597
0.630009258757609
-0.535038942830706
-1.13386737485746
0.596916949156769
-0.837499439709105
-0.683659203893075
-0.560309212766423
-0.485641594753019
1.50181154896345
0.405347241457074
1.7755094033019
-0.144130745808634
-1.33624937940457
0.0344734154593972
0.361188726252006
-1.30673250710002
-1.71477777834839
-0.915810334046858
0.576510908002656
0.791955570009538
-1.89879186188991
0.198843861979451
-2.79288996594131
0.208566702239394
-0.968699177384325
0.175066052802336
-0.347794805507175
-0.587798885304492
2.45035622941204
-0.183713902217387
0.970126016346624
-0.230024575365089
2.4527292431982
-1.8891994607052
-0.235738145159429
-0.260844417947633
-0.283598466142701
0.13917442072641
-0.205777744122984
-0.72437956097587
-1.18581309342311
-0.60907249720517
-0.379849603092143
0.448489247325481
-0.0490967059615566
-2.623432409789
0.291741589322376
-0.251749636003048
0.595743201573351
0.563122429578057
-0.745406182904874
0.958275471706659
0.579241225802496
1.04007013477439
0.246149131412348
-0.466193510772152
-0.810212500097866
-0.208556949475041
0.59298472445967
1.26384699085859
0.409908014699963
0.655409367267443
-1.06898087495902
1.35544027935427
-0.255675606152245
0.504710549295168
0.303826887466007
-1.84894480171849
-1.53380692004875
0.403772800300224
-0.479182957145272
-1.53988164447582
0.781230927379903
-0.324968555149309
-0.513227607128141
0.976234942805235
1.38272156085309
2.94906833846379
-0.429357944978062
-1.48484122268564
0.602407774491494
1.30110431350929
-1.32289406023384
-0.226404915576473
0.59006129192236
-1.31354790809546
0.0184848816640356
0.447689573934546
-0.211530519688796
0.891109109636859
-1.62310033656324
1.54243740468638
0.185975423676093
-0.437157452350162
1.53426959962556
0.209078155891746
0.530996659405225
-1.62393136135873
-0.302970191712685
1.8802904790196
-0.236480039107042
-1.95493266453101
0.313605356254462
-1.33790189705949
-2.4401881629506
0.0902838274583269
0.390764160387433
-0.201236250245669
-0.118853832858195
0.0854674245327495
-0.525673371501863
-2.35559782137836
1.33498923022871
0.524682828180124
1.88992887680267
-0.161132346458565
-1.7491506749398
-0.347475713345124
-3.10597275246495
-0.137355947949101
-0.592283303798382
0.27144777975562
1.57748612748562
-0.341268813606192
2.12867558569834
-0.999138227136262
-0.809667443434716
0.0578443660607512
-0.0340998688550919
-1.28191384835147
-0.0729703865722813
1.10364599544957
-1.83334684073259
0.45153130195973
-0.443061438805546
-0.329613807355171
-0.488287386206045
-0.584684077248029
-0.0555363784313212
0.76222596826277
0.0627793447242191
-1.49422382723795
-3.10791861505263
0.972961625525333
-1.09423776476987
-1.21954065105061
0.704884068226956
0.216292492625614
1.06439574299347
0.433969449101376
1.35254861805106
-0.917060274171655
0.303762543349232
-0.343214061381396
1.40410670021135
-0.251257884867648
0.289164581740747
0.828010641687483
-0.439609577251969
-2.04683881611812
-1.21403053112207
1.02607235072041
0.527059155464566
0.670685784442125
0.479430061981147
0.751630403415792
0.826897089686886
-0.20870142001785
2.85338323710047
0.745679297338022
-0.629489681568154
0.913580780078878
1.71855811836705
-1.53832260657923
-0.500429640663403
-1.12127397188275
-1.63822096445879
-0.202411184032275
-0.944634276278647
0.801939104576038
-1.5926534420975
-1.22007679242912
-0.742074470503562
1.8064127665294
0.130626590778834
-1.26899411005873
-0.423955258712455
-0.35604040272557
0.426478221524829
-1.39402993323357
-1.32359764749675
-0.00456601833333436
0.0478215310797063
-0.0438968854865854
2.10217116677352
1.05763475250797
-2.51565108052498
0.93377719114084
-0.267649976683938
0.710554227867736
0.539406540432187
-0.902576659317453
1.44518794664866
-2.28630788385364
0.43057653149268
0.53692247228136
-0.70558490755471
-1.80926135651033
-1.02941172168127
0.131986276398913
1.10614180729624
1.59292256007711
1.59629370382338
-0.308055521087449
0.5168533002183
0.307349514291618
0.598547071249801
1.32941239968371
-1.5402505468098
-1.6506694749288
-0.0516700385039854
0.000256275329001343
3.01920495235376
0.942343907345598
0.951438530402828
-0.834315270505731
-0.197729603972442
-0.406322277438316
2.19899441431771
-0.0245431136242221
-0.597341951174088
-0.515949202635558
-1.54695342559675
-0.568513720346095
-0.443308768670211
-0.409869218815619
-0.357386998576887
-0.629832517349241
-0.42385570608661
-0.712425075611692
-0.258841842343869
1.19878291963904
0.402055365781297
-1.52688059402436
-1.0221438814713
0.04823714711871
-0.212532708455543
-0.312332226509059
-1.44363105151759
-0.3074750198936
0.806036685473464
0.580396500968416
-1.54194534975819
-0.306526933889946
1.68962118617342
0.682585532237895
-0.909891505759919
-1.92972332446118
0.715264135709431
-0.311075217793899
1.67622810823064
0.616839743415666
-0.0768621454669313
-0.9989553769153
0.86486227922614
0.784659093284088
-0.132292422083518
0.446881475344101
0.890367909285317
-0.600214786607297
1.19256967920627
-1.79650695660977
0.891489176171386
0.0899959817661622
1.90252268136495
-1.79802363633798
0.662748943136638
-2.18531810693832
0.110900311651716
1.5834071363202
0.432313171469205
-0.756845791818521
-2.60535859198912
0.888924941865312
-1.33257434850819
-0.954938927288376
0.840423933957195
-1.37701335765606
-0.304286339340898
-0.537101800872042
-0.847201652844132
-0.473725960296484
-0.891868927179022
-0.363741659643028
0.266936062635116
1.15145036324048
-0.409179010939157
-0.807266723564953
0.568197369937876
-0.367044884673867
-0.114442212089473
0.126155374276565
0.769700087900601
0.689860902426381
-0.177331705329002
-0.229306844515917
-0.0405734425245519
-0.61741820083306
1.1566902949295
0.600035777872643
-0.373802976894512
1.00381525414038
0.627171894206801
-1.45401507158936
-0.117578819361621
-0.807506306423133
0.287700536625704
1.09104503682376
0.495035964600767
0.89734059148476
0.297298547985715
1.56458232049475
0.362952398137384
0.296860351051458
0.505809612268751
-0.72555163025604
0.151265608047893
-0.000187073587946431
0.64798823299955
-0.554391638036538
1.00821833384912
0.510384168854772
0.271030384883776
1.71740461622363
0.770267068999211
0.00284901437052242
0.293238081638021
-0.792672761641722
1.05450332453398
0.427590832746089
0.0236784014151402
0.493979751426408
-1.03709269502782
0.481350861734596
0.225400281005385
-0.027156704824446
0.0341350724462685
2.26537757349903
1.38611564150737
1.52728772767041
0.0508809007252337
-0.951483518596673
-0.472803004482858
-0.80565465069353
-2.70984829808916
1.70611708926982
1.37256878566144
0.252460186466951
0.118086839202908
0.327216856494363
0.610465720897528
-0.509475736570695
1.59803278107716
1.42635482085424
0.88843423429754
0.337408420233582
0.155129303161193
0.038516525535054
0.367237985280375
1.20247555952722
-0.992140656649328
-0.893967822683692
-0.0738627560543341
0.820008632033455
1.11026518028241
0.822425399121273
0.986362244072211
0.00160454469665454
-0.198905835185827
-0.686422314202145
-0.199671573788867
-0.125856924286405
-0.102199835471443
-0.270759932180304
-0.116880532097816
0.057614948325041
-0.290070302747848
-0.0451641617126859
-0.919185962025564
0.0226069223306159
-0.997624593477154
-1.69701297238147
-0.961794539485637
-0.636996535963383
-1.74328211880815
0.0883224277688424
-0.784568201073907
-2.04471213959572
-0.6093866909851
-0.0974899674344726
0.443733175254193
-1.04396709226001
1.54997198934491
-0.27088689120238
0.0323958655807224
0.705493348340928
0.0122592761078953
-0.374084249257821
-0.647772362874297
-0.173949192168674
-0.801785674086595
-0.331577715631072
-0.257442065111345
0.197487402147788
-0.909025256285608
-0.224128737690174
1.3208212288813
0.491534638262916
0.42893741327634
0.801448181079435
0.554473384242206
0.901038453225832
1.4455587894515
1.83550252879658
-0.0524289078158101
1.72714046102577
-0.9238948803637
-0.974179138456453
-0.629514097271981
-0.411838332070146
-0.747454913974158
2.42385269670991
0.380072524032927
2.40316328622134
0.5372083550364
0.359544331277417
0.0318761307142657
1.42596025050865
0.189753754732979
-1.14036533124541
-0.303234369444241
0.891407411447905
-1.16754432152486
2.28949717968501
-1.9632694410824
0.485664942070973
0.6043430072391
0.174255221357807
0.134301351467
0.369309108241631
1.51261865893139
0.8054686530345
1.26271220570463
-0.351520972672246
-0.296626745459193
-1.09726452379524
-1.41793343913124
-0.563517085528659
-1.73333159473754
-1.0638719322869
0.785150855844612
0.0473329282417333
0.340966711924625
-0.798779265853086
1.19513040170418
0.655860471992072
-0.0886370712411033
-0.402996011500026
1.81823167344324
-1.42778335426858
-1.2097605635034
-1.38826444183666
1.6114361435815
-1.16710513292743
2.16433855001746
-0.838991829713993
0.808182054553164
-0.898893747613853
0.645808193007897
1.32142429181722
0.592924687115474
0.748441632914047
-0.142181946399661
0.77859154829132
0.192349618620329
-0.468709830945614
0.519213977756945
0.331872222502517
0.888431406388448
-0.220952200433884
1.39986533375204
-0.833703509769991
0.234851961789016
1.00512106316216
-1.65378310476207
-1.11410491541744
0.305486944865265
0.996412119985975
-0.235897109134308
0.39507178238224
0.979398229169211
1.14097984140576
1.36083660767206
0.301575296121674
1.22340196790573
-0.714044654439454
-0.6021055321916
-1.70217448058706
1.17094169200247
0.776896699883247
0.29579264935371
0.257779211777341
2.08330856214106
-0.186883590555294
-0.624486825207567
-0.334756356266225
-0.954490010324209
0.341127069810864
1.55697881137675
0.46007015732047
-0.972465843691845
-0.608992115503573
0.733850026487842
-1.47641684748672
0.17849802930223
0.173448965582829
-0.328914693209866
-1.22514518148329
0.215116972185281
0.854570002990323
1.8649666003895
1.30289717103141
0.14897325075092
-0.138879667808221
-0.833066182307072
-0.767135254505681
-1.06827087327466
-0.95435945417653
1.01740042442833
-1.41060403284953
-1.02645291608223
-1.62824779114516
-0.123900473968578
1.09673043177395
2.57925424050037
-0.398130072881897
-0.26965265901782
0.538358036004263
0.416851020056986
0.394800943288494
-1.55225965272699
0.569927288158828
-0.406929836550899
-0.292580049500596
-0.721333460641163
0.478230342197786
-1.51793808872899
0.0961923027600063
-1.56835869374399
-1.29035105087715
0.985101678213066
-0.0442020272842154
0.0215140703685912
-0.358864736001985
0.508819748945637
0.404883841061417
-0.20475130812702
0.284957370874979
-0.0808293808832559
0.510017993214396
-1.092549993822
-0.177623551984328
0.146728112459516
1.79268976801237
-0.586542585992708
0.447818256724626
0.368890591280817
-0.205537718109423
-0.13263854407261
-0.174681805613926
0.880096169612464
0.478131448616947
-1.04994444156309
-1.33350891567088
0.419984005429979
0.116938294181623
-1.61030056143842
-0.08431887996313
-2.33307131449807
-2.28147430734167
0.313740645330744
-1.40781318295814
-1.19293003469936
-0.263834778621422
-0.869738499607754
-0.673307488841745
-0.18822225806997
-0.681275849017942
-0.864423355806828
0.738374129978211
0.0820178100180261
0.103260535459297
0.323124218040663
1.01298651169713
0.843082245383948
-0.427400480279799
0.317811165434437
-0.412809639794184
-1.44890724345981
-0.662546976259257
-0.221571040913419
-1.23069656530633
0.384029594189372
0.626717621710205
-2.29193890180106
0.0825084731532098
-0.0831043243413242
0.280168100132246
-1.29955790659439
0.105408340528814
0.687162713918546
0.511607242465548
-1.96348003271882
-0.345626848848087
-0.116760413440507
0.565700699761813
-0.406256453292516
0.347030641289274
1.14705171487258
-1.82873553833079
0.428309784493035
-0.0460013323948915
1.08769624647053
-0.687894682771801
0.75899443973615
0.0379350329272683
-0.203647507347379
-0.954505243263618
-0.116004845646978
0.308667817460429
-1.29928348270136
-0.777734859245454
-2.15878353367365
0.202361617322306
0.0083386059401111
0.0773245822298244
0.344700133243359
0.866669009353814
0.656233831328532
-0.530561551396576
-0.625169071922455
1.30469723123197
-0.0914332771686371
0.598501351349299
-0.67532439561054
-1.35635194731027
0.915955072786526
-1.11432714351509
0.634916164330957
0.0170476238460925
1.13242225625946
0.0624983074678473
0.1951523367708
0.636292570469939
-0.422437482080943
-0.786345596950354
0.0337916739102935
-0.208600706283495
-0.961162433046461
1.57615912286004
-0.427075442610321
-1.01998775194473
0.00208862254039433
0.699491941834847
2.39868320403494
-0.786324490051857
-5.17709327667427e-05
0.230294426931499
-0.0403266016611713
0.882370001961865
0.926871090017784
0.874803038534449
0.341783385715367
-0.326799033301153
1.34803732721364
1.02966730623084
-1.66000431629274
0.0793839475532173
1.14496399137999
-0.195082990376837
-0.062317121490864
0.628451803665903
0.837685719302556
-0.323652501045314
0.413994002996296
-0.704038142999926
2.28186326166713
-0.0176821469211981
-0.546329452512977
0.114552372869708
-1.47179278111412
0.179992724447098
-1.1221851377184
-0.168112944957599
-1.10243391219402
-0.155239472319416
-0.498840903716891
-0.682777168849349
0.543131144523764
1.13084118047491
-0.790901978839901
1.58770908820624
-0.347784728046193
0.476885950701028
-0.215769453737941
1.4774938172626
0.576261895816347
-1.54984239016894
-2.20524486922804
-1.66573382616398
0.192797672286454
0.598739788054628
0.501541647818149
0.233197702006382
0.472212204425021
-0.0549877027954312
-0.126913969572378
-0.930707728176964
-0.275364028127995
-0.143397464629627
-0.651874460554045
0.633140627121664
-0.621489731457811
-1.25666077636693
0.725250628754294
0.293701685282741
-0.72137313725022
0.330492043902539
1.07079121148001
0.1796982295747
0.192817260297002
-0.789517994079176
-0.217958141293692
-1.22594573991932
0.773329796222823
-0.919126068180934
0.118335960792862
-0.929115787331996
0.43784299825161
0.487294223808862
0.664656444041012
-0.456135604799333
-0.874400618039665
-0.276201195612977
0.676067869573417
-0.284012354886946
-0.207934954068065
-0.610338175133697
1.02447081855823
-1.42867262559609
0.103393667034371
1.12872742384067
-0.819828029711769
0.303177827941555
0.380825555971471
0.596275393430104
0.186366002109505
-0.0841640321212249
-0.795626576484556
3.06542184700677
-0.693201364677288
-0.889026881519595
1.11065095818478
-0.916107605593455
-0.787758717076992
-0.106436278323112
0.607635316323328
0.894658697256651
-1.91166615341825
-0.618276818810072
-0.338397237621591
1.48496483791313
0.150435604468339
0.183603276801307
0.680616104560081
-0.626203012222215
0.490981904350586
-0.0641177072012127
1.26204643784922
1.29081080241295
-1.12806958154703
2.55518970179958
-0.41097141012688
-0.192659175381401
-1.95770502733939
1.26884849040249
-1.65164968415101
-0.394424017119616
-0.25495511380646
0.574458755932994
1.02903536497284
-0.275815344519138
-1.09617636915869
-0.32741474652509
1.19846806276699
0.183834097616683
1.16065077352842
1.1758021391651
1.09341681096686
0.487586814262208
-0.698663481453805
-0.482680459129884
1.17852445638352
0.329099888044989
-0.324945578784673
-0.611055175990501
0.94851480230983
-1.76934098496634
-0.620120854432134
-0.297021342505506
-0.302447917512283
-0.440957464598179
0.997782269775928
1.17998909810822
-1.63501636133614
1.08174555516465
1.3425625495066
-1.35818868348315
0.757152838955806
0.0875799629963783
0.896024240218321
-0.935723206640364
0.113685938879188
0.325759542276264
0.440001618238173
-0.935658660170332
-0.556776493369981
-0.72000049118517
0.486716911827166
-0.495629613222523
-0.413702837531163
0.27352722594869
0.637179543284511
0.114099991625485
0.700048491178573
-0.0210564028105067
0.881473365681762
-1.14323657088466
0.246124081818037
0.134682285357706
-0.36226485171452
1.40683270641016
0.426935483072985
-1.15221863749565
0.983448898266305
-0.92594731510736
-0.242354482370577
0.9784414717459
0.578882230777322
1.81632049280877
0.497891909080944
0.0841089416205287
-0.296683845873473
1.17395146915715
1.11618801244891
2.13172268775953
0.824222256004134
0.586136345564457
1.88328554245896
0.785631847387584
-0.366532857873225
0.804008872373409
0.30597028248556
0.12746700366733
-2.22573139440543
0.375290523052607
0.378859763079963
1.62983723859772
-0.368221158830514
0.345672176048833
-0.168112206302012
-1.31880377745547
-0.125640316856596
-1.69141574382287
0.347485003764189
0.888121903489523
-0.60319417033703
1.36656767955308
0.160254828122975
-0.999006632818552
-0.367602888229285
1.66052076625031
0.247968122721296
-0.595923053671707
0.49355339384821
1.66345825179023
0.698023282173892
0.00719971533224101
-1.95974685213784
-0.726516005521623
0.883137330784533
1.01276461679364
-0.288343987474958
-0.179404966959616
0.194780161751725
-0.694099154865995
0.384501871014358
-0.914069977807677
-1.4203695427058
-1.30861246984834
2.02913243774984
2.02340233518437
0.570686201744042
-0.404732629009428
0.0698421167224688
-0.873213795701106
-1.24898016232858
-0.956113288429123
0.489709686643747
1.45304389396529
0.413977860957442
0.0669473529073054
0.56223402359918
-1.7833127665241
0.0882278935352035
-2.0912596041202
0.927745895856305
0.343925346823179
0.253610656655493
1.1708097630494
0.270263860307948
0.00161575123242377
1.31073230937466
-1.37747598367202
-0.0419946756513691
-0.0443410812503656
-0.231042155414137
-0.421050837606562
0.4528224386977
-1.41140370324629
-2.18013839140953
-0.449969825535394
1.94663740152076
-1.99439772154089
1.75103472513286
-0.452431470420488
1.14121197234236
-0.854571174158538
0.386852368468896
-0.228645459104041
0.779654493330392
1.4122490626602
-1.4680300988223
-0.211844576972264
0.255851486216197
-0.629285434255274
1.95406512394661
-0.604633427323498
-0.077207631820749
-0.879800926010793
0.280689298264289
-1.12380022684483
0.185291330585516
-0.357663833651155
0.981268644358205
3.14767938691242
-1.4674634526103
0.0425771063666985
-0.793729533397828
0.159284514225621
-0.914347306926625
-1.90768016405146
0.377052343203585
0.8157972938602
2.79765759592886
-0.410162456048809
1.01460401910576
1.14090410320904
-1.06150619172264
0.337841467446617
-0.990234950519958
-0.610912965028927
0.474302812939986
-1.44837639111146
-0.912770080451505
0.0189390099722101
-0.911896226076574
-0.0683579542077315
0.532966825791109
-0.15773654309853
-1.32010278220638
0.141099272212896
-1.96328461788799
-0.251421798373087
-0.953718851011329
1.10659804895965
0.478563367475145
0.845965393702477
-1.56853110602538
-2.08208585684221
1.36990096643435
-1.33590251968564
0.445564262400961
-1.68920924113027
-1.17335598876313
1.28321929144485
0.0781388232564622
-0.923238103606181
0.143987843143413
-0.535343014698951
0.206908070216645
0.461230906419261
-0.35208712774753
0.0728025940567128
-0.691826489144045
0.0339767268160898
-1.05226040193088
0.00557254627906193
0.198034776271282
0.0741360832480815
-0.930144396252041
0.00252960844275413
-0.738060441362913
0.188343009490052
0.333504428717077
0.766626651320315
-0.943346710568132
-0.800466326597359
-0.0262271695065387
0.199380791764135
0.72737640674085
-0.523144030556236
0.212753161724498
-0.029157661207146
0.621964849163271
-1.03808828247553
0.348006433213035
0.879066749716231
0.455059808818735
1.89814703156586
-1.02437409465326
-1.26267544452536
1.1379840080979
-0.333436783921696
-0.0679155791532187
-0.312610461399809
0.463624115297494
-0.360476273995018
0.554075806150864
1.93403001261529
1.32772001660167
-0.661074499088028
0.275901703613815
-0.498739618555013
-1.20264197289392
-1.02530971047283
0.00254815686643473
-0.860095971189095
-1.29214159288212
-0.272099030623509
-0.266012546187079
-0.242507196760133
-0.564303766380184
-0.37547596460472
0.0840657867505192
0.648083881666563
-0.828711761637919
1.43068895858184
-0.00934402894828159
-0.68908940930455
-0.769437659973519
-0.297875360596898
-0.51475114700277
0.0995246314549442
1.65768230679669
-1.352479585603
0.0853580378855191
-0.0628524404242832
-1.52372895456202
-1.44478043690133
0.644551821078413
-0.147881205835616
0.0155993160741533
1.1223555760577
2.08000005469256
1.65705387170306
0.49381010137826
-1.89029270734504
0.938448675189857
-0.81029244014874
-0.0835269203112833
-0.868761745120451
-0.644615959804177
-0.54303981507983
1.56447210131593
-0.322053757859117
-0.519554949426744
-0.354077981662137
-1.34683983586184
1.13420280674677
1.01898100876131
-0.334648270399118
0.0638693761100119
0.501177256351044
0.398876880022542
0.725826904435362
-1.06238969341828
0.445768546063849
1.05019312440093
-2.06239582805063
0.98506586988481
0.79596261216414
-1.03021653561618
2.97947364932154
1.2873858991633
-0.80771131612614
-1.13434372249127
2.30254597210367
1.31622460242682
0.333151336259379
2.12829991990915
0.453694744475196
1.72052322836281
0.861914917162927
-0.484914342214135
1.72788712155145
-0.0903513895940524
-1.29652659775061
-1.53969258494308
-0.687980141183994
0.880453457567879
1.14677784854781
0.580668547016
0.586692179637219
1.17362341646184
0.262856212333474
0.303888233484529
1.37794531990227
0.926695951825139
-1.50072809237763
-0.65816439960058
-0.72720726775971
4.46936676540112
-1.36665980913426
0.244076376980632
0.37143704677682
-0.860802128415859
0.26183895501887
0.506333888118077
-0.58591191546272
-2.22475259891445
-2.01991823950648
-0.00520381429923635
0.359128703175669
1.32338234651423
1.29731856231589
0.186296630319408
1.95108958003519
0.111624228343211
-0.52432564220834
-0.230643642235545
-0.262270427486386
1.25192783869886
-0.148968930641442
2.38403126876005
-0.588478883273109
1.00787700920785
0.080744173740298
0.498509393618555
0.79950475758473
-1.55262924919202
1.34223924385782
1.41774231240714
-1.65443463595355
1.69078765572217
0.887532233813034
0.670117717204565
-1.23762660335495
-0.318772910233581
-1.88680146312637
-2.00771095371704
-2.08193341897012
-0.742007285841395
0.79152333642734
1.67819633100228
1.55579029773788
-1.78611896257197
0.459608369832272
-0.47010393516859
1.33507554141326
-2.20403103042976
-0.889205905795051
-0.622975838812131
0.326644712447307
0.38816027832393
-0.0157795993182422
-0.93756523132275
1.55016213758093
-0.297554630790522
0.622914134792653
-1.83898046919689
-0.344381661667522
-0.174285093379171
0.869252152817429
-1.31923754553866
0.893879618443989
-0.575893336404088
1.70553708177576
0.937666561528923
-1.49728240722802
0.277979407955396
0.521591087710946
-1.82323796733919
0.080370726583347
1.06911363933539
-1.51888383858375
-0.0363127964315867
-0.350768716184261
-0.507121925073807
0.906185494399828
0.462328022544889
-0.695370283902554
-1.89176330975178
-0.893264430910583
0.230008038766206
0.0413790292253273
0.588823682633615
0.414245494156209
1.33923228778959
0.442578680536205
-1.08011935423331
1.36656649699097
0.989120215575237
0.76200554641415
-1.02875356641428
-0.606802210944366
-0.294558700936218
1.06054792618957
0.323895111613464
-0.870466074854317
-0.613503380009418
-0.541988991328569
1.20616859954188
-1.32185382266373
0.0504162491930236
-0.730747251996456
-0.27301585215672
-1.19879799029364
0.455204096798184
0.560532817577973
-0.611047704629914
-0.0488849229601868
0.903832724391343
0.389687650329005
-0.233489725038538
0.709133734471265
1.69698209404837
2.00713142134699
-1.42117178113249
0.493243148002628
-0.926509855187565
-1.33758558718239
0.0122756905703714
0.547426938878707
1.69053272394939
-1.64669596994435
0.279883681501479
1.56566785533822
0.737946510042903
-1.74758898509908
-0.52834133415813
0.732456949598333
0.759351874404683
-0.0637399641127084
-1.6305826020629
0.992482890814019
-1.42470572122176
1.22791985305738
-0.434631928377203
0.600251769928003
1.95579807966152
-0.365120911267422
-0.122984317901517
-0.460838649365573
0.939240905472027
-0.402704291620886
1.01440646720197
0.752047256215694
-1.20729615309074
-1.99769476464972
-1.32271712083707
-0.0327592935187777
-1.03269887517225
0.581562369748943
-0.67538249817408
0.626748015683593
-0.922795464255964
0.128722469169869
1.81603152318965
-1.38796115288514
2.12287429268633
-0.897769748346976
0.884860609829295
-0.328118575798984
-0.636261832839001
0.372487939640265
-1.52189092102642
0.661934339025824
-0.937095455094164
1.52735119527874
-0.67851200394346
-1.77546793672263
1.13266012872655
-0.0724890842500925
-0.000689845318075646
-0.951739353488325
-1.66437720435616
0.106549012391061
-0.216907127070199
0.304269196918609
-1.49098066325467
0.329572128615907
-2.36114160793981
-0.099238575853821
-1.04299177940721
-1.06896303787403
0.683869209940948
-0.076410416790744
1.3542210739742
0.36458727953258
1.90446613819938
-1.66055854406878
-1.0719295188112
-0.436435778969168
2.79832114371895
0.601236810621178
-0.432997567667401
0.132066071938788
1.81335847218814
2.56362685838076
0.664444429282249
0.762182495557925
-0.323888598013873
-1.67049980507657
1.21750190886612
-0.464596392917911
0.315536952377543
0.525967936596988
0.326858132307495
0.117726544700025
-1.3707285637681
2.36467098770599
1.82481598770422
2.1651778591934
0.116064718636571
-0.0343988472985892
0.931235450385493
0.199301039694153
-0.651854689176786
-0.712284833795132
-0.846103842844213
-0.835763863498
-1.22343283831301
-0.23011990039863
-0.22161100878138
-0.888565644208181
0.597194336585142
0.803762207858867
-1.54288700310759
1.75816336094049
0.849508977831873
-0.560759075777098
-0.46079911814156
-0.310445530215285
1.83125640238588
2.481096887485
-0.626739300380512
-0.450931510826401
1.67866881490857
1.74255165834463
-0.704649534573078
0.301586274846033
0.98528890900206
-0.281406865065019
-0.816564927936297
0.341906353768671
-0.752821258483877
-1.65656916131842
2.06857675562072
1.10153834878642
-0.139904405034791
0.15909909839735
1.08555750111622
-0.14955970120725
-1.39912245790224
-0.559007777202555
-0.332224495616828
0.232352419265295
-0.639253301240535
-1.77320770794753
1.379889631103
0.602583200600437
0.513964236827992
-0.86224403229009
-0.562075153085455
0.540546509052611
0.48222684386308
-2.0258095153971
-1.38830281957847
-0.339556265289857
-1.2990926848232
-0.439854216263082
-0.421028993190916
-0.14157852859752
2.32384498701486
0.700559567867269
-0.371896619626653
0.85282935773447
0.155281982761975
-0.564900944398943
1.97649562770735
0.126968822855175
0.43128280471857
-0.499057691960265
-0.494386594848733
-1.02024989850129
-0.374850301567472
-0.546050136028248
1.16174917061946
0.863426673617385
-1.65213017568359
0.207916333874606
-0.302959884953628
2.54622479753386
1.32736488495365
0.535678895089642
0.459432538217145
-0.152629010292255
-1.92940980715515
-0.440896538237354
-0.110059853397349
-1.14679062863097
0.588771817478212
-1.31061517854984
0.189213837481284
-0.157267822186634
0.221718294906661
1.09939359980367
-0.0466588899014731
-0.0210371235948126
-0.634538325269123
-1.78705478804124
-1.01024471760954
2.0624965542637
-0.737664467498451
-0.325063209256094
-1.01535030189635
0.114731258391382
0.448554362581825
-3.14271162954907
-1.14178994730752
-0.00133875345367592
-3.03953462873677
-0.841387540669328
-1.23181242980797
-1.78391840224867
-0.88104876084431
-0.116202413490261
0.383426242967246
-1.30892092232377
-0.101457685037406
-0.335583473669473
-0.780560795792763
-1.15486236054094
-0.308103587019476
-0.433871643563604
-0.974739656824748
-0.143228981546946
0.111544353447688
1.20649829915835
0.690955402125109
0.795119348144597
-1.32172415507198
0.206933130027506
-0.227814448600065
0.655778583557829
0.668872959892366
-1.431296265474
-0.751268009942311
-0.303920676910067
0.664645595446169
-0.345854529826166
1.03281602541667
-2.04979775341103
-0.193200858187364
-2.79874446380781
-1.38967302379184
-1.63756427184859
0.11881109119801
0.387961229031556
-0.380614322655559
2.18496134546551
0.331465722090818
0.726806730186659
-0.515707098773828
-0.747155092330876
1.55614038353912
-0.104141462946894
-0.1231324768395
-1.22667772078406
-1.33907227832032
0.836878602948904
-0.849281961893397
-0.858523204046391
0.272933039311849
0.150516653014562
-1.64493385873452
0.361101354161798
-0.37479052731212
-0.354483332561084
0.965091506182401
0.270107735695602
-1.21779379205981
-1.17022661837303
0.845494540797367
1.24961528941147
0.748145979444249
-1.18124557274994
1.16053503545918
-0.568954981009224
-0.372823605771773
-0.546227320975435
-0.157205418720972
-3.13324227516127
0.985770110011254
1.49134320681372
-0.190599565213654
1.1930337874229
0.437277082908639
-1.83555894644856
1.06694376519202
-0.582865142358918
1.31300849536784
-0.49181801674209
-1.40656906475481
0.960298743182554
0.0965473249867831
-0.0298323136622362
-0.666093381380306
-0.624741942439739
-0.871405301844397
0.921119501864398
1.15552931942447
1.69767636565405
0.252250157600407
0.367175237995553
0.747722865311245
1.28316971467525
0.147305215179497
0.1711114636864
0.347551840598526
-0.56714553227203
-0.184121237487945
0.271821844663297
-0.282768222931054
0.384207883138261
-0.982980344800482
0.536440870063858
0.184757669309257
0.234945035347989
-0.788957799894119
2.30577770470124
0.253031583002423
0.468056292073174
-0.0175040778373022
0.508533297954071
2.98012414886381
-0.0912911464696567
1.86807430656902
1.40218153726201
0.24417009956401
-0.389886076175312
-0.703526857405573
-1.18913598835492
-0.4048642037077
0.162120868794604
-0.755770478373246
0.0186671017438672
0.682579093047834
-0.154022736111102
-0.343455437200959
-0.455706747150474
-0.908292283364066
-1.08790263587041
-2.28937923143418
0.846720645280385
1.27653301638249
1.07849372672866
-0.79605410475808
1.45412811308061
0.231334673514797
-0.345305044451645
1.02282079178184
0.674336544676978
-0.977266417655503
0.439655216170547
1.98057834792323
0.435830181662701
0.665209128571982
-1.39763577331729
-0.177070525424185
-0.126617265842186
-0.532981284752462
-0.0537595751801978
0.337045276731957
0.899242800021055
0.647812210271881
0.129057142054298
-0.249251286659906
0.671814733843186
1.32901969152345
-1.3210734758426
-2.40913774362672
0.794589798285656
-0.677862008404002
-0.838045262953696
-0.0496922535874227
-0.63544517691399
-0.385606847172703
-0.0101843080504831
-0.883189145142244
2.41200423261067
-0.135819506544056
-1.33353767120297
-0.126236707835805
0.929768469687407
-0.651035198097236
2.0156822459175
-0.644274835273625
0.64501902849691
-0.958018659354063
-0.638383705988915
0.85563649397228
-1.23355317351563
1.69867457867908
1.00215191929391
0.150682617391522
-1.3833621533082
-0.499474297721624
0.132813630857422
0.265010686257703
0.123305608507545
1.22449482126727
0.161068019030229
-1.21832932596325
0.680141058685194
1.1641194881195
-1.50063298923949
1.63430813113973
1.84579902092786
-0.334719468809563
0.122485220474771
-0.506947530449035
-1.41509281958162
-1.54463219657693
-0.842953784162512
0.558122038302194
-1.75366702497939
1.89623028040117
0.453312553138434
1.03806901729308
-0.621185510586133
-2.00710450997255
-1.38787577795325
0.219699616546359
-0.34513615298002
-0.853058094792887
0.742686617687242
0.048378482370489
-1.67945768370067
1.09819031588848
1.75688409630009
0.423130800914359
-1.33641302584322
-0.474209396316303
1.49508182899979
2.62549432896592
-0.977752480685432
-0.200262693483695
-0.0499927172549425
-0.309461932587964
-0.13375312420812
-0.727706231027234
-1.91573071989511
1.80908898420057
-0.173225001308522
-1.29100952069806
-0.644102010708214
4.23351088095226
1.65939689975254
1.59338949836183
-1.02384156076484
0.22719181306064
0.21907033326667
0.0769183604962608
0.981943048779326
-0.48250297662512
-0.325263866709484
1.5675319365977
-0.845837518144953
0.222915386961215
-2.28748563967653
-0.160481846367446
1.02608660657128
-0.414380246345035
0.293239242607952
1.27303814907437
1.38641048998308
0.64834835954812
-0.396437595077342
-0.547582334752936
-0.236679286367723
-0.0653901865979762
-0.751598242121603
-0.149375827767828
0.498702375899096
-1.38320738531551
-0.610570814175291
0.35324217068276
-0.381665296778103
1.13240934428785
1.7938875368896
-0.0417114756658186
1.42663777066855
0.473352914770081
0.569347797003452
0.102962364586517
0.216060096820732
-0.228351309356061
0.0924079251175128
-1.17688634563272
-0.0360941356920532
-0.662716181545516
0.609467178840584
-1.25105504644722
0.275751979645105
-2.07841977715823
0.0943269214818725
-0.0796350649587692
1.12775290235526
-0.723610546081791
-1.4380101179026
-0.993003839204476
0.152820749089832
0.0118797790371009
-0.601497430410244
-1.09448146425269
0.0628332560338928
0.145921562140785
0.12008096911057
1.05312698907149
-1.76681561974603
0.494702452876837
1.30531396344336
0.183806651606024
-1.19781659420754
1.19834038176349
-0.791612930780346
1.5309637202553
0.564692237552565
-0.181145148707568
-1.88499874062671
-0.0952970449003114
1.278986479698
0.339389430814704
0.242429746068336
-1.41394501058221
-0.358142257641526
-0.559947345841491
2.00327736765122
-0.772334104604972
0.662023192783077
0.17967644797716
0.392623906414399
0.85140524294876
-0.46055984349067
-0.265282895050704
-0.672171756436053
-0.402100668010866
0.441273907598632
0.336153844244381
1.11159526713891
0.197487037358867
0.566897632498573
1.07330524780401
-2.1949293451516
0.570880241399078
-0.689164472240454
-0.923329545536018
-0.592899996431094
-1.2299075255899
-0.000217751967007768
1.80008345976702
-0.675350929404365
-1.366264761669
-0.915816873131682
0.396770836124568
0.265186215644478
0.439679320972986
-0.861065154773378
1.36822793564329
0.259779678615619
0.704353732501669
1.31576376151545
0.128144141522044
-1.5137057625801
-0.0189011353223946
-0.248919382575511
-0.126959659060432
0.223722714704515
-0.250055749848524
-0.57523915943455
0.373595856664873
-1.92774100790368
-0.205574972827239
1.30572079936141
0.325717042566016
-0.664955576276397
0.302505573468384
0.778873161089801
-0.48331282284085
-0.678385971745976
0.080444222737901
1.27513007691247
2.24859373056866
-0.730032467570659
1.3683274122788
-0.839922671350019
0.196904769941984
0.575110558564698
0.403794620260537
-1.3751161358331
0.302395867638227
0.651176134924771
0.568178373242427
-0.12224550048055
2.06222197700329
1.31021134185117
-1.02526549330046
0.791935233431831
-2.30155052791088
-0.427640491945159
0.11856318356937
-0.270722656306853
-0.378800501052468
0.622412965042937
0.216420568357509
-1.02107257444224
-2.21572244836693
0.37976830060187
1.5490379085594
-0.310029805722036
0.889872344402263
-0.691686473468092
0.380469342045257
-0.537702615710912
-1.56872927592606
-0.215679982776815
-1.49056710114378
0.758833968124155
-1.49065681585637
0.102053323733588
-1.45696996982563
1.63374069846042
1.38450754273748
-1.08293609275933
0.296440966394266
-0.393328841543241
0.323242525955829
0.325540079488454
-0.786581631455952
-1.65427151601694
1.14505090158939
2.43979591800025
-0.313825772468603
-0.62985647955021
0.0665351099282623
0.360976697339718
1.12441532887555
-0.27120485227636
1.61034969976847
-0.057085282041032
1.23766084598515
0.464017456455049
-1.41853815475698
1.56671473663196
-0.0953347903209216
-0.936079886094776
-1.39378913467656
-0.00847355738364067
-0.563131695613362
1.78112884463783
1.38885588769796
0.838207292357501
0.27260127388588
1.89781770938367
0.899853648860539
-0.83058396282361
1.30387790095364
-0.546363872909137
1.5087953231937
0.648917872388497
-0.0815705778286516
0.32747841296973
-1.7740361541187
0.562441747840599
-1.37843190253618
-1.3639482687669
-1.17819643183467
0.295586598482974
0.565767519016351
-1.47196340253379
0.617572470699533
-0.943833011050596
-0.149703741556165
0.84740144232119
0.767672840552694
0.842437829334411
0.698777767749029
0.175051486005505
0.339682366470487
-0.439503830877323
-0.904737692928091
-0.690078118994041
-1.81096915587481
0.755156091406243
-0.403577938685548
1.57562552326651
-0.840475684409267
-0.971678867106564
1.63345992518826
0.0397056219607897
-1.21938224049617
0.875832634344518
-1.03263093951704
0.154338383244608
1.49057085386542
-1.94066552504644
0.25981031423954
-0.433659917732989
0.627045166668228
0.236918838530545
1.12760781316712
-2.68251150686192
1.37215024631024
-0.246850464711384
1.49024881205041
0.157431012764277
0.505189185350956
1.34654939015483
0.321614430222211
-1.15470680904966
0.754398562580405
1.61839653915136
-0.543781115929125
-0.786410516901009
2.03391431294427
0.781487997511665
-0.247153410417926
0.0874215778223594
-0.417489832700298
-1.97421159271533
-0.252735486067032
-0.0919623825640302
0.610122151250451
2.14490475017042
0.739427567028587
-0.434035138449082
0.414692782815651
1.44275112586501
-0.834352971929499
0.380875490783587
-0.547861748352971
1.14834363342938
0.925458560085592
-0.332036422214713
2.21182590994692
0.103578886023969
0.510257194214337
1.44870144742821
0.313999395585985
1.05276519010323
0.130647088463813
-0.437336156036773
-0.384637547968324
-2.9196775736236
-1.44059126027448
-1.94526830622453
-1.59755987743809
0.835520296582334
0.386585334427718
-1.32755109656008
1.51780369895714
-0.587055653798039
-1.23842620663089
0.478212155635571
-0.767725501306928
0.309025428371397
-0.793722723002362
1.06736752525182
-0.0631189553040297
-0.582266969923922
1.12696640989697
0.024657754055504
0.89197065384736
-0.0336712589059534
-1.12641339098272
-0.329856441056464
-0.238972220672148
0.246690448709155
1.94817177656745
-2.04787583886928
-0.44523770973267
-0.886093189368555
0.734228638682746
1.18504737189557
-0.20133864711883
-0.0515326695140602
1.29098593115673
-1.67910649137298
2.35950458178982
0.228267463625272
1.22690208613066
0.0809593065970024
-1.25772335468497
-1.41974994685371
0.379877028562611
0.63682985884004
0.31548355275481
-1.63364262868168
0.724992941980914
0.650177058811017
-0.405981368039304
-2.0680023601419
1.28293975197497
1.13063554289988
-0.0407103596321402
1.99868775972034
-0.235411381954865
-0.518648388256937
1.07931142927913
-0.0135618052985412
-1.21932089930793
-1.18750180112632
1.40949556838192
0.66374730286578
1.07916502442842
0.750792535684687
-0.0591498250496344
-0.592846348428447
-0.432917866088183
-2.40672987226372
0.665156594865369
-0.0557759127788924
1.04423444706259
0.974691124410509
-1.13089044409783
-1.33037957086084
0.642986335054702
-1.88712820955633
3.07992325765929
0.271391362750068
-1.05644151166242
0.618493381355467
1.52143675165123
-1.86909295224226
1.58429351281728
-1.64744630280401
-0.153659628841854
0.206891516011498
1.43416964823471
1.32802130075118
-0.545411084280249
0.273147069605188
0.526725052884213
0.62097838648143
0.870371863588065
-0.841540619990841
0.135625792857926
0.13128615301176
0.376848546280453
0.0466040758439774
-0.999927082796789
-1.41208940283342
-0.934566616320492
1.06090379738033
-2.11651746749831
-1.4679530417981
-0.681654897064863
-0.633144191783686
0.00596372139788319
-0.237954449897753
0.891183822383781
1.19995957976365
-0.474537468022151
-0.635082482070812
0.532555966155699
0.495742468102766
-1.83139379640655
0.805299324462601
1.00223328744151
0.0135336744847447
0.772838245631552
0.774342764761041
0.517416327799188
-0.196005487832231
-1.10756153351927
0.148776933797396
1.23651759742166
0.927644470125507
-1.19741929035436
-2.40341026498932
-0.490873459400295
-0.512828246917146
0.04156262541346
-1.99972840811129
0.81225345458378
-0.530153303550989
-0.0522981267114754
-2.05226519375181
0.916910773807002
-0.0353706354530871
-0.228927119478551
0.662376131046444
-0.877178775752114
2.14635668031679
0.548455027270927
0.206491899576763
-0.571298943985843
-0.682583930200004
0.355018167888927
-0.361922311003973
-0.497385668089196
-2.14090011882048
-0.810628398850458
-0.772445257903306
1.36052778307078
0.314951183787925
0.503357966990592
-0.735500986125577
1.66833251989229
-0.480669761267552
0.207618522034224
0.19528654387261
-1.34106602019066
1.50949935955684
0.42611033853614
-0.719807559357437
-0.460163113761516
1.26470247471574
-0.848260065977946
0.342809549372365
-0.723580318975121
1.73248436214556
-0.440801188869727
1.15633037029725
0.494104041333225
-0.807968964330211
0.99242445431726
2.11045791863326
-0.294833774839703
-0.200029980927168
0.44103191770893
0.608720022512052
-0.760889198681975
-1.16178281247882
-0.46726570417264
0.679454034612126
0.380335445823014
1.31408091305499
0.24144087492634
-0.597354255554224
0.450035871780675
0.417487695370003
0.409694915259481
-0.853083642251793
0.992531351936144
0.602460816915377
0.085367980592582
0.795724281089063
0.590697979266929
0.636462758523597
0.0263582218807295
1.28454369790184
0.224000293623798
0.714050949117381
-0.161612193272113
2.05021500692973
-0.696489649897724
1.19789721415485
-0.46909536753986
-0.0651196036462292
1.00034177840146
-0.306870575745338
0.621550243658004
-1.52065439632511
-0.878972355067702
0.342946323459855
2.06610454471773
0.0922424948830391
-0.402028493305213
1.59502237188576
-0.055039989017719
0.145242616681745
0.178012834185907
-0.099373880625813
-0.0688887573912725
0.283177921325779
0.410081517555462
-1.43117536242669
1.37598314452036
0.326970738662922
0.451349631963859
0.715451821660809
0.882561917577519
0.127201215661875
0.373965401982854
-1.19329499082589
-0.372144440067649
-1.56652089941393
1.61132495354896
0.0644394439078359
0.617327203302348
0.214977029234543
0.441372628842629
-0.241333516452836
1.55963632950512
0.574917906112907
-0.923998745259889
1.75750493504154
1.91812844103065
-0.18399095602033
-0.202343845742225
0.582620900365628
0.523253735932836
-0.613286055324819
-0.59630886353692
-0.54115350265923
-1.31999434612382
-2.10543735501411
-0.706962773596422
-0.203825896679904
1.82020716121732
-0.620736428552793
-0.565828078224616
0.382902591906248
-2.19785093379934
-1.16298714213509
1.66491663327497
-0.820652217601367
0.0615943706240426
-1.1713829021882
1.00757144306247
1.12025234702233
0.665861068024021
-0.887402311523516
1.29077481161005
-2.66644840537557
-1.65112477057197
-0.190001014954551
-0.0301429415735503
1.45689151304599
0.273311600893315
1.26787902086706
-0.63707627688215
0.244595363487599
-0.0876565311994955
1.21302680803446
0.643401389537865
1.17708228983208
0.122130650276642
0.983017663744657
-0.744757499692582
-0.161194833436074
-1.28181507251753
-0.300376382144066
-1.03075250288785
2.02356835836394
-0.180569642892637
-1.03733598564625
0.366325355436366
-0.800003563792416
-2.22637648214416
-1.48003618405508
-0.767853784220605
-1.48445622923858
0.286763950070496
-0.821158857041243
-0.605455550059983
0.0357849123392448
0.143133431537202
0.774963362090993
-1.73004734702788
-0.512810221001432
0.615776484636817
-0.438092608296168
0.25270905465689
-0.763500453765514
-1.04947127235677
-0.738197096243507
0.737603807748065
-0.163141460896386
1.13479804501785
-1.00968249731755
1.33745280956534
-0.239313710476887
0.497488058836198
1.54716889268035
-0.100953006957457
0.443278259225835
-0.379519890113528
0.368460170636952
-0.35787630496803
-0.807248831852172
-0.723273082981751
-3.45968752373171
-1.29547512579832
1.21860861143618
0.809769982323211
2.31468832251965
-0.363209004467409
-0.0327135134892027
0.632951454592403
0.523938259119589
-0.0343442332339036
-0.116978359862244
1.44599967206436
0.986595479518549
0.723140739947609
0.317046806774189
-1.76205523490855
0.365387723214136
-0.862013827986398
-0.802581061445191
-0.548037868313499
0.760242479289146
0.163775431564249
1.22930332141599
-1.07493688533908
-1.20097015426352
0.522415186913598
2.19180305844556
-1.52397023335654
-1.68348411879923
-0.0689502262714852
1.72969556888229
-1.06255365720103
-0.903259497482199
0.127630217968875
-0.202668105172472
0.490058436182272
-0.840867556265584
-0.0560808113106085
-0.0190618480593567
0.474510600378276
0.400401052059662
0.362404027275944
-0.133344408598323
0.000397501552609543
0.799473094521004
1.0535514543191
1.60263515152034
-2.81849900709444
0.579886701980652
0.689852062197035
-0.142273450180383
-0.611854927091979
-0.889101423127163
-0.947813371516709
1.57753643001672
2.24017305847394
-0.47764050145215
-2.79649075824514
1.10118014146394
-1.79778221473416
-0.249626629046417
0.513592576232823
0.483390922646231
1.42536668816406
0.0710328836225766
-2.73476772051707
0.642924450061094
0.53205220677074
-1.2767759438326
-0.947619081154114
-0.237371806813163
-0.0962540927566088
0.114895273545537
-1.97830260238242
-0.250721600443262
0.402243405442888
-1.8348000621597
-0.213664067393138
0.114702094201774
-1.03524925979638
-0.503299125784412
-0.856635625652152
0.417489556353091
0.789329709423458
1.82076459989157
-0.389698181021507
1.71394132821635
-1.95358709507439
-0.187883944094768
-0.499698581817168
1.23562699309581
-0.388968423213007
2.10375101027673
0.657355243065779
-1.79927536726026
-0.298532837835276
0.7035995994981
0.202363730018894
0.779400431799531
0.538534363628627
1.39890804053695
0.0887363944534826
-0.24571592371749
-1.14362526048721
0.7337918581711
1.76840590406581
-1.14899541945838
-1.08453819729261
-0.758499676384883
0.0862588496824108
-0.125245778588973
-0.162379431047137
-0.309645318387171
1.3005498923903
-0.410192738559427
0.5857443028735
-0.508365092891074
-1.56096210960177
-0.527763031287239
0.671977102117471
0.082666309584863
0.615350003731476
-1.65291203823145
-0.963246731624755
0.397617443735801
-0.0804330830308344
-0.304584300932437
-0.74538216113409
-0.902935936556407
0.760359965804471
0.167559053852181
0.600829130058639
2.19312813355737
-0.25451185179711
-0.0690753941472317
0.160750489194509
0.774671721053109
-1.61962222244113
0.771062956292557
-1.66280950554445
0.36221926248466
1.08675329532364
-1.44903784618045
1.55247518929883
-2.00662036485162
-1.02373629096741
0.197119717390134
2.23580614044951
0.633163246584687
-0.147140801955156
0.0185324846427712
0.0436474774327945
1.37928714639317
-0.702382083424838
0.0784875479014481
-0.5801463164385
-0.575593302712463
0.216870671668853
0.408707216419832
0.445660327101164
1.17378112933928
0.16151446782591
-0.975074049297378
-0.0520590997996684
-1.10285766775745
0.483057852161172
-0.131576027280089
0.189817253714157
-0.0880583967847028
1.93882273235872
-0.859259422623111
-0.592337609114364
-1.29052456381152
0.596348674879423
-0.93941546956848
1.70372203607683
-0.872685280264493
0.568685615585288
1.5998110389848
0.33983397626143
-0.104935343260675
1.0099620382267
0.702208400557545
-1.39578823777571
0.0851106939808724
-1.49655382218362
0.519373949541922
1.93967100189536
0.0269626149475225
0.494220055612253
0.365900260251183
-0.249758613936807
0.602741689029697
1.146977743723
-0.201301223221148
-1.25775739782251
1.22638954059659
-0.494362139499393
-1.11102783380082
-0.0660455048368477
0.0441238485654998
1.03661584639072
-1.42354683527223
0.460190967207364
-0.914755467159861
0.302402344168475
0.496031861297525
1.20236982228699
1.26779969093296
0.54742691207226
0.87489745885936
-0.305652294731061
0.920720700705963
-0.480404605960975
-0.137987025680485
0.230655532194165
-0.0666120778519681
0.717198183768499
-0.646052407548838
0.734814120396564
-1.41695180025853
1.07189292584308
-0.129557898697307
0.105270158772374
0.640745251623844
-0.525981139443729
0.725307093054295
1.06713689630972
-0.893914083771038
1.37987452206083
-0.762823976586838
-0.54690353657183
0.990145484694333
1.64666400223388
-0.879464050584321
-0.518725352135862
0.881973318528632
0.0259324075726941
1.32311615301447
-0.956845460807997
1.30663320128136
1.09470939504961
1.05248641389293
-0.784343594109697
0.981677597663411
-2.51657304159419
0.0556503568735108
0.132273954405609
0.779906838824615
0.0389122285456434
-0.775115127623915
1.45356086875687
-0.00344511213717673
0.759490008915918
-0.232280321062174
2.46702567280705
1.27214159800844
-0.497871445002532
-0.119730032709915
1.25333026887155
-0.785815009858852
1.08275137859224
-2.23749426095232
0.83645673048518
-2.18992776930662
0.917964066648176
0.512286113576127
-1.00986393040549
0.358665735942817
-0.3157642049249
-0.548533384003481
-0.962119819619939
-0.0292407941100946
-0.0884160394188199
-1.24789515437545
-2.3323445222959
2.19261967975745
1.3001527641903
0.699570452245824
0.303831005756057
0.32746676237999
3.01670542434966
0.310027962899748
0.355342171499787
-1.52263245235965
0.278836583857727
1.07580841717041
-1.08909477677082
-0.50213903326104
0.0870362732868194
0.196889322339386
-1.83546942147694
0.666751956526756
0.921566653594741
-1.13821998363913
1.34775276825448
0.288647729296647
1.51918585961887
0.695509700633189
0.609358564818529
0.279574555802438
-1.90293328094124
3.16979659176834
0.307874567779303
-0.384919417253391
-0.208576040182388
0.609331621151643
1.32629019502745
0.830549950606299
-0.0462264398793986
0.89835109265081
0.110652324737669
0.94796079825221
0.0486958524613612
0.423265453593388
0.526258811522916
-1.04933945258029
0.616806919461904
-1.13981537190816
-0.191247415199426
-0.41250412218773
0.625293702812369
-1.90102147219895
0.637367674969987
0.0936970921656757
-0.0694701264311818
2.00164257129778
1.70010171527815
0.160105804730311
-1.08307418514597
1.27571576586217
-0.767711053148626
-0.0212734003848181
-0.241558029980713
1.87536974155519
-0.948388212648956
0.37038366642061
-0.798548496495478
0.167393621452832
-0.134583504330618
-2.06645316121803
-1.92539936910817
0.835974866487547
-0.63902955535741
-0.600495559158384
1.02978134950512
-1.82969180340512
-1.51505736110708
-0.244308695985885
0.327344200112336
-1.08061584034426
-0.0120538303944057
0.664364979572117
-2.18784750564743
1.00833401039959
1.57847754436137
1.52359656148396
-0.0751413135574232
1.39130481059622
-0.985433876900517
-1.17178286261795
-1.78311959543625
0.195383823741961
0.706728531436285
-0.254884589049737
1.54156736522384
0.358480029204204
0.874670717837427
1.30743848411805
0.774495551379476
-0.526561903398992
0.473342279634818
-0.0533392658108855
1.39135954515864
0.16272669691868
0.278663559020275
-0.132765393823639
0.326586114601328
0.154357743853751
-0.123387608401905
0.064830494298866
0.642990374507483
0.347891389599173
0.134550745517014
0.0439430078769847
0.359694766594132
0.415869880323255
0.300841035150037
-0.658125438840997
1.52800190956007
1.08599806126299
1.56960283990062
-0.374323460498391
-1.40889910392975
-0.614221039886599
-0.879540567090368
-0.34078689045596
-0.949807993974737
0.25009427573477
1.97078985312578
0.086740482998711
-0.163134776610061
0.152261070446868
1.65208616437152
1.24856759235632
-0.556427014431392
0.80068602498148
1.15309928870769
0.52608056441652
0.275732513383954
0.759213786673164
-0.569837935989102
-0.863338330585757
-0.598294178652434
-0.556203381442535
1.23262080882377
1.89540759037948
1.06567554600655
1.62423013663772
0.196477112264268
-1.1470754303702
0.710373517327296
0.521686315294035
0.680359343188824
-0.275812041973588
0.366616360723254
-0.566358632323573
0.37613183122201
-0.922973840041185
-0.0672551073864096
1.04874356292991
-0.126833534278987
0.288910769038903
-1.03915587179727
1.24477021273651
-0.370822410747706
0.962025924903834
-0.547914040837144
-0.813710651644892
0.809949084662244
-0.755759397024979
-0.918216312082261
-1.70314407091118
0.389771432702643
0.818789395019775
0.00345030624443599
0.168378639360036
0.620597265659861
-0.194740516448594
-0.718452349893547
0.927799376356768
0.296489545110612
-0.0158943161631475
0.820991787774262
0.951096485206549
-0.148533603980062
0.261440748877346
-0.333074874551559
-0.826443414987571
-0.195504843060676
2.54909355345422
-1.4735561808534
0.70390937261922
0.945037299687493
-0.0168466653569611
-1.16902899905463
-0.50693786091089
-0.396379165238614
0.00843583500792324
-0.138205056056642
0.417196941414311
-1.11705451442271
-0.873425755204858
-0.061446754717368
0.497305130176944
-1.53636178018752
0.143114832677376
0.892175769213104
-1.38301033708107
-0.533135177052174
0.17484407081068
-0.951859830312559
1.13118592703902
0.428492228729924
1.10014422552186
-0.335353031578488
1.88649173193348
0.642139389271093
-0.268502772247019
-0.35763923866649
-0.74361943934804
1.63111348262583
1.05007051209057
-1.0109894293291
0.356488400412776
0.720419890021623
-0.723831521567803
-0.301511893865752
1.25610068158777
-1.42078367400983
-0.332585757225706
-0.374579902068469
0.81027133373101
-0.146900294229107
-1.60197373273502
0.137672577709624
-2.01231561821952
-1.42158222541068
0.100541791102378
1.91168251867076
0.168005766099775
-0.451009193219732
0.630511436579137
-1.7450250416608
1.91343222308345
-1.22421330644182
-0.458164075786925
-1.80222401774769
-1.18013256299666
1.92191151296254
0.714179501100963
-0.807821874767628
-1.50169720883474
-0.21112190600064
-0.66150540541887
-0.520503836333749
0.193594690731743
-0.885725335489736
0.947816737760339
0.341549579506565
-0.0924326231729535
-1.46654867378632
-1.19817838381128
-0.578933944242954
0.977859701046197
0.988787089055109
-0.994427410885746
-1.23446120138182
-1.11044199590443
-0.0309615462202111
0.760433246132946
-1.33661159075578
-0.410965188746092
-1.08825613360965
0.280052916357364
0.630463663232983
0.947067934468524
-0.424537833910416
0.723603691429312
1.47705633389
-0.212934873940754
1.12032523622414
-0.716549680533798
-0.74641622021506
-2.62061109644028
0.146015338948484
-0.22070810037678
-0.345557698554101
0.639951934366971
2.40773867515275
0.543283401715433
-0.742206765901825
0.211422173091485
-1.96824138303104
-0.56074946877272
-0.0263162761509547
-1.28713997774706
-1.59744698548472
-0.0836769691940965
-0.67968921402218
0.309295858150987
0.334844828712461
0.646845053524009
-2.51747494565452
-2.17855706461263
0.77689852430391
0.615659468806815
0.992438489217494
0.251434718223149
-0.55426399259249
-0.284296232353778
-0.403735511172036
0.453704484037186
-1.38397346755666
0.683708351360727
-0.434426250067544
-0.263291502567587
-1.99429175686925
0.868336119359618
-0.735993080329515
-1.18317055655651
0.614871729874861
1.72415237087948
0.00464419744225688
-0.384562910302077
-0.659217023288042
2.42783839466437
1.3811381796271
0.086734719109734
-0.120402603898398
0.0418920466672426
0.442089269621679
-0.317588549066227
-0.56754164596033
-0.821372413913973
0.0862411463715766
-0.455123582453586
-0.489007291637795
3.35917346938534
0.101662819035012
-0.283967999397069
-1.62117017335668
-0.960720251382835
0.538136315905634
0.0881072390449402
0.629958707928007
0.682549728647892
-0.612960299701512
-2.81557426803164
1.61168487222296
-0.864557545118686
-0.948273892737964
-1.31886331441714
-0.645012159849326
0.754813006024376
-0.625452658133377
1.73846733196274
0.53327013833278
0.878752807368299
0.415637497642588
-1.41482149908504
0.197834915502467
0.561480587649032
1.27986236428375
0.531699141395298
0.585587748844538
0.456363750703374
-0.0177834289335232
-1.14179378063163
0.402851083152319
